# step, loss_train, loss_test, metrics_test
0.000000000000000000e+00 3.396200892892686056e+02 1.226768223180196884e+02 1.434361166370179603e+02 4.454402919358245185e+02 6.290573684628321871e+02 9.853002211705478430e+01 2.496446589057626966e+02 1.044609802980834559e+02 1.018782024365406329e+02 3.378499727123901266e+02 6.569212851796733048e+02 8.319953904837407777e+01
1.000000000000000000e+03 2.756624165516784331e+01 1.370690193496137432e+01 2.362146323635567313e+01 1.898186733078920163e+00 1.665575754908588779e+00 1.118914313936935478e+01 1.502251772703856680e+01 1.521180761439854834e+01 1.114162310085643348e+01 1.027510146997497875e+00 1.914070228883183900e+00 1.332169916641332108e+01
2.000000000000000000e+03 1.486482254671629022e+01 5.977745083715533703e+00 1.125295724638020545e+01 1.939688514411918918e+00 1.943309047373491083e+00 6.965974395239790340e+00 8.427894718697784171e+00 6.943942743386414485e+00 4.479271775594973803e+00 1.593343338504509932e+00 2.254761315733002647e+00 8.151524161086962650e+00
3.000000000000000000e+03 2.238298411117542575e+00 1.252446599505715241e+00 2.090941171734607806e+00 8.221485509280316295e-01 1.181903558654449515e+00 2.360003343720197932e+00 1.904942634315127670e+00 1.497845780077950328e+00 1.384910041391193003e+00 8.909434805855189765e-01 1.227011516230968269e+00 2.797022705345328930e+00
4.000000000000000000e+03 6.390596518728943742e-01 5.642285203455452702e-01 8.020374949213266991e-01 4.506843770715193709e-01 6.037722048468493474e-01 9.530874358303506044e-01 6.538965307270552252e-01 6.746597553883865173e-01 6.790325612675830458e-01 4.731881044134895742e-01 5.485128349323925567e-01 1.120669027724156441e+00
5.000000000000000000e+03 2.349155272731849042e-01 2.462357396829237544e-01 3.338342212272660814e-01 2.370580031465105986e-01 3.476497370133232456e-01 4.210127676650214368e-01 2.654656937983789766e-01 2.920036213903463573e-01 3.072401050447215454e-01 2.346229360068841918e-01 3.011599292295372154e-01 4.868717478154657163e-01
6.000000000000000000e+03 1.395660612014137381e-01 1.260741214396700893e-01 1.709584376304592312e-01 1.615454364130350651e-01 2.321065449286416893e-01 2.322221891828685492e-01 1.623309527240616446e-01 1.489658365012645480e-01 1.620408382090554600e-01 1.582895580705951377e-01 2.046038572864498639e-01 2.641358735815543257e-01
7.000000000000000000e+03 9.822520303998842628e-02 7.134688948294765076e-02 1.001051927928919144e-01 1.155671928914966395e-01 1.702498714734707319e-01 1.469208538080131188e-01 1.156375347544218030e-01 8.396710913767434226e-02 1.003817126754288358e-01 1.136514008688303129e-01 1.573584512211088360e-01 1.640651535856505472e-01
8.000000000000000000e+03 3.283465509433962648e-01 1.233587138176716891e-01 2.262409640942044387e-01 1.322148126244721278e-01 1.653380407093493487e-01 2.891463225534836035e-01 2.305092170620365311e-01 1.143631066483332542e-01 1.318817823128874134e-01 1.148199220187177821e-01 1.634085448091593396e-01 1.670667492851639901e-01
9.000000000000000000e+03 1.932362443997893975e-01 1.506150105922672011e-01 1.466607559330929678e-01 9.821080260539891138e-02 1.304001988916661803e-01 1.498628447357050475e-01 1.510616895860484310e-01 1.044443183153185156e-01 1.141189450183366511e-01 9.998593664313883134e-02 1.341248740818186125e-01 1.335936067409089489e-01
1.000000000000000000e+04 8.901046347902352718e-02 3.557170818780525795e-02 4.332384914956058375e-02 6.613737290548027392e-02 1.046592001852374998e-01 7.269993521471432296e-02 1.054241656101922303e-01 4.133209703824970715e-02 4.732840542184907351e-02 6.636945067309354962e-02 1.088207463896004312e-01 7.859540083316388093e-02
1.100000000000000000e+04 9.992201512532389307e-02 3.453550889979879052e-02 4.358646521638486621e-02 6.173742130585746501e-02 9.714652404143642173e-02 6.457646814719560091e-02 1.188410658430928968e-01 4.009847868762425604e-02 4.886189484846706343e-02 6.255855762297113376e-02 1.034123541442811961e-01 6.945497178722974396e-02
1.200000000000000000e+04 8.715678322695839808e-02 2.965645440151300563e-02 3.311618717845249416e-02 5.327675164241194722e-02 8.302541818711524357e-02 5.477614175422716725e-02 1.035430259968527222e-01 3.446809872535976788e-02 3.717959873410002503e-02 5.385833336886135941e-02 8.963533441469749563e-02 5.863243674076775575e-02
1.300000000000000000e+04 1.288535095997246083e-01 1.447094654729850216e-01 7.580885324213508525e-02 6.959727169670328062e-02 8.855759773651533662e-02 1.669067746508028915e-01 1.532711257871107458e-01 7.987324815233146080e-02 8.077412633913322315e-02 7.297225248887588556e-02 9.821117194985261312e-02 8.852082515126526163e-02
1.400000000000000000e+04 9.557555963423461365e-02 3.014921633826163003e-02 3.494439641128797153e-02 4.900690473321180074e-02 7.427925095958597124e-02 4.704112553059765223e-02 1.140097800484053125e-01 3.506032114906296876e-02 4.004306392941064940e-02 5.011619163137488731e-02 8.235625247548776506e-02 5.025466396342456732e-02
1.500000000000000000e+04 1.123269926867844631e-01 3.516456876786933777e-02 4.846346540201352388e-02 5.365019586991239681e-02 7.254981397566509504e-02 4.731763646981208132e-02 1.341260145962437367e-01 3.992666094929779586e-02 5.655457884820618009e-02 5.613011858707139118e-02 8.147365886264404389e-02 4.928621272055085795e-02
1.600000000000000000e+04 9.005950781254026816e-02 2.772939229655170187e-02 3.267337830870309379e-02 4.335881362061183575e-02 6.442115080966814844e-02 4.027292625558404754e-02 1.076832258030022832e-01 3.236677054540029741e-02 3.770612979668319653e-02 4.436820514011238087e-02 7.242322133090903225e-02 4.294547673066983345e-02
1.700000000000000000e+04 9.157295425996432592e-02 2.814195851308473606e-02 3.554693333925758314e-02 4.210550604632935789e-02 6.120962242213415921e-02 3.863550076719828030e-02 1.095754269128586256e-01 3.287161548385536536e-02 4.136238757969947638e-02 4.322500924776748188e-02 6.930571591132304865e-02 4.129979062104293525e-02
1.800000000000000000e+04 9.715147205655484675e-02 2.579568578691518455e-02 4.863097666586239237e-02 4.446362849525325317e-02 6.552582082267346952e-02 4.147578026284826080e-02 1.119944103079450609e-01 2.998001086276390684e-02 5.604741039274428044e-02 4.587315304396730187e-02 7.496545437087856478e-02 4.497491154184567186e-02
1.900000000000000000e+04 5.638268987663534043e-02 2.428249819336197532e-02 2.692328783121347713e-02 2.889398025326736508e-02 4.094405539150478696e-02 3.526137150532372699e-02 6.665044375908057983e-02 2.773167949615231581e-02 3.067298970669829830e-02 2.805174361330333224e-02 4.641740773785242580e-02 3.833912958965524781e-02
2.000000000000000000e+04 3.740417649012441753e-02 1.701432605875777965e-02 1.718828487987705822e-02 2.268079973767355914e-02 2.945726367942518020e-02 2.768949341436719239e-02 4.482193066176397983e-02 1.978946667480311825e-02 1.975632599619847260e-02 2.138154067623927040e-02 3.344050013468661403e-02 2.973277808336150310e-02
2.100000000000000000e+04 3.097603240325466287e-02 1.452951582085180299e-02 1.500119843038297783e-02 1.893661488097433954e-02 2.411393274311455018e-02 2.457515115818951351e-02 3.698482370700340027e-02 1.666990519478543653e-02 1.732161027244935245e-02 1.728413379364904939e-02 2.753801297546270427e-02 2.614167194954275172e-02
2.200000000000000000e+04 2.540993291068515195e-02 1.237567284927458544e-02 1.344001236246810012e-02 1.640032481052364211e-02 1.958224085263411685e-02 2.177874376242545582e-02 3.044738656461612458e-02 1.432334275849243138e-02 1.561755891858516987e-02 1.466116358781227418e-02 2.242421445130888050e-02 2.359596247258364740e-02
2.300000000000000000e+04 2.965814047385197452e-02 1.743551783439385716e-02 2.027342754398755997e-02 1.870972233615145197e-02 2.102859859804355816e-02 2.410582993284603529e-02 3.554861197001696338e-02 1.829721657922760841e-02 2.076471996629898273e-02 1.781923775814112099e-02 2.131870111989777467e-02 2.410697434504054798e-02
2.400000000000000000e+04 2.186752222463568540e-02 1.056334116117493144e-02 1.314194303423587076e-02 1.388735010758415829e-02 1.486965413564383595e-02 1.855593946084365189e-02 2.615196973449064252e-02 1.225886862858910527e-02 1.548458520778336553e-02 1.242639748011047963e-02 1.710919811347852079e-02 2.030907106934003170e-02
2.500000000000000000e+04 2.352409537547740098e-02 1.273749136880637269e-02 1.477904450520755621e-02 1.394110500020097690e-02 1.505107832364160902e-02 1.978386415537642870e-02 2.801821477545133471e-02 1.421783056668282468e-02 1.697670550516797855e-02 1.278758816510042022e-02 1.741362810926753296e-02 2.164483988963163477e-02
2.600000000000000000e+04 2.013959718700508716e-02 9.675087382519547904e-03 1.344745074428564668e-02 1.233970058298255318e-02 1.253004227429376297e-02 1.686334041194063188e-02 2.414656964483869600e-02 1.124280414257811112e-02 1.566885404720208194e-02 1.112437863776036782e-02 1.443998134192842238e-02 1.891173589317519943e-02
2.700000000000000000e+04 2.465369423116228753e-02 1.310563670903515734e-02 2.248117293928650687e-02 1.590745718261388914e-02 1.590653552703780518e-02 1.721246730548524340e-02 2.907786407698387254e-02 1.546063633303000444e-02 2.070288740182775478e-02 1.485165892079431428e-02 1.615795927908060189e-02 1.871371541342316952e-02
2.800000000000000000e+04 2.077357156779490593e-02 9.162424793143969515e-03 1.542744623567343133e-02 1.189709244333889138e-02 1.189920920494607660e-02 1.601411740540427051e-02 2.482169613112223186e-02 1.050007815404978978e-02 1.814641474128281598e-02 1.093796336830275828e-02 1.392240944523528631e-02 1.798275263109622851e-02
2.900000000000000000e+04 1.902749367193491345e-02 8.710380381455043106e-03 1.325824452787047365e-02 1.115264151988779907e-02 1.077129157913899772e-02 1.493183763581859037e-02 2.282152354072422562e-02 1.025709001696313918e-02 1.571953751105226518e-02 1.026991966440703695e-02 1.257581880225886427e-02 1.687742383678528593e-02
3.000000000000000000e+04 2.030843822282579064e-02 9.257004428819820899e-03 1.587749336705471595e-02 1.149174326420189692e-02 1.123226035691955033e-02 1.481831054558405830e-02 2.435039923226185732e-02 1.082239240550693544e-02 1.887525620672458534e-02 1.087772334485928236e-02 1.313726250639181067e-02 1.617885190498641670e-02
3.100000000000000000e+04 2.044262069740290441e-02 9.666469822062907780e-03 1.637491865238513075e-02 1.179451603581166061e-02 1.192582395523776248e-02 1.422906339302821080e-02 2.451168016459556731e-02 1.142880794282573331e-02 1.941732412619169568e-02 1.140057498488559855e-02 1.408116868099828535e-02 1.604862979216203911e-02
3.200000000000000000e+04 1.952934826819468367e-02 8.447901316753847825e-03 1.470138409221797421e-02 1.049798074954401070e-02 1.057598501931843182e-02 1.423181816963931846e-02 2.333878811966820510e-02 9.820647766602711923e-03 1.744123676344911875e-02 9.882449938088361946e-03 1.248966152005980858e-02 1.625160741417391863e-02
3.300000000000000000e+04 2.264729876611231568e-02 1.221143456486611066e-02 1.879075719236575348e-02 1.248414135728469904e-02 1.215231575325184145e-02 1.515782242586252021e-02 2.709739288562537304e-02 1.306654039878688348e-02 2.240757261322718144e-02 1.246662741679142525e-02 1.397695732911214371e-02 1.470371840789776521e-02
3.400000000000000000e+04 2.370443762635844609e-02 2.465693341330093755e-02 1.928651447387374346e-02 1.375021003756029571e-02 1.452234349536306833e-02 2.201137378498306887e-02 2.788452085785575463e-02 2.751068617617219783e-02 2.301248511903724106e-02 1.345413381151516763e-02 1.733836333657324744e-02 2.507690816833709618e-02
3.500000000000000000e+04 2.358174010972996157e-02 8.442258027737056802e-03 1.995471878376279748e-02 1.143260735749913881e-02 1.266013695066238801e-02 1.374241188547906632e-02 2.826295695411933442e-02 9.837685985602924454e-03 2.143467281179410600e-02 1.102746883326278203e-02 1.379969520760731920e-02 1.574780638674521879e-02
3.600000000000000000e+04 2.943922189835722694e-02 1.380588921188598620e-02 1.971525698362368295e-02 1.328596123567560294e-02 1.503236725818258082e-02 1.725130978362025141e-02 3.522509307781620386e-02 1.510793523041566166e-02 2.118782635829166705e-02 1.256475170192042703e-02 1.530068375665963147e-02 1.983368083257085884e-02
3.700000000000000000e+04 2.083019926965917756e-02 1.021928509632395038e-02 1.576775321698267382e-02 1.035926749170015121e-02 1.053504673779897399e-02 1.396819838906230432e-02 2.485109803269688541e-02 1.176222347042494600e-02 1.866650035397277377e-02 9.951235428259231144e-03 1.208247501282228194e-02 1.619859736957888693e-02
3.800000000000000000e+04 4.440652024871010600e-02 5.367141240293734489e-02 3.384591740439076707e-02 1.097359702028624130e-02 1.728499899290712391e-02 6.341189223561856381e-02 5.057066883861900675e-02 4.706957347208195336e-02 3.380712738700732828e-02 1.103558831717472294e-02 2.016054526899710431e-02 5.661564927667973868e-02
3.900000000000000000e+04 1.958088801486902730e-02 9.120038635103860578e-03 1.827441385135854246e-02 1.069584565824505812e-02 1.104719821213965246e-02 1.194079655092435653e-02 2.318485541604422412e-02 1.088411528865428080e-02 2.052938219824090513e-02 1.052239928864480770e-02 1.250180191408545131e-02 1.336395091313137898e-02
4.000000000000000000e+04 1.967321258732113165e-02 8.567585611563600934e-03 2.852232963593470672e-02 1.246800987706861950e-02 1.808503881220395459e-02 1.266717626852037482e-02 2.316949281828865198e-02 1.012111426869790991e-02 1.961656358469529224e-02 1.093799576614403954e-02 1.287516131882616120e-02 1.438442639858842319e-02
4.100000000000000000e+04 1.822621971511250230e-02 7.247752077094499722e-03 1.515405077497321458e-02 8.893059701038380158e-03 9.305122258710990871e-03 1.190071018035970644e-02 2.170652397771934139e-02 8.597392359590567967e-03 1.792418629063990965e-02 8.692105405575183130e-03 1.112434239156003674e-02 1.379412493698118497e-02
4.200000000000000000e+04 1.991937934625290230e-02 2.137339372501577059e-02 3.535031321531460075e-02 1.457665375748787469e-02 2.379117502711346546e-02 1.772811862392217191e-02 2.368847021368511094e-02 1.992823904225796833e-02 2.354854271023433532e-02 1.194793781402952830e-02 2.200547598815873543e-02 1.772479841851694674e-02
4.300000000000000000e+04 1.725425326002988369e-02 7.311326003473318791e-03 1.544449268200988670e-02 8.713242468086856984e-03 9.889700835467163734e-03 1.101642877965086989e-02 2.060824681044669607e-02 8.682357140834484621e-03 1.820318543236350284e-02 8.621565147566467163e-03 1.181063377271058742e-02 1.263436217452695853e-02
4.400000000000000000e+04 1.700141099185882923e-02 7.160651794444286913e-03 1.476703068896414485e-02 8.592295007073496096e-03 9.049845405511104668e-03 1.100930355263681805e-02 2.033521686231913594e-02 8.570291284123480666e-03 1.737248802189738164e-02 8.520584795935615477e-03 1.064642268130993469e-02 1.261098628943879175e-02
4.500000000000000000e+04 1.687840499225666882e-02 7.179727256705192157e-03 1.500011839075674966e-02 8.464351656293892662e-03 9.069526555451202024e-03 1.093525940364133489e-02 2.018475939170335728e-02 8.477876423701753011e-03 1.772937134945170440e-02 8.454754236657565161e-03 1.068166678917087560e-02 1.235477009854326139e-02
4.600000000000000000e+04 3.659291626450228430e-02 2.293028235536828663e-02 2.191457289581974152e-02 9.901389966119240188e-03 1.457551462937205743e-02 2.559812971250625610e-02 4.276331212249741276e-02 2.137066659630506432e-02 2.563886878364399213e-02 1.012090376660169065e-02 1.743143524637934608e-02 2.516584746563172922e-02
4.700000000000000000e+04 1.676102858817191121e-02 7.388764087167297608e-03 1.559590537296732214e-02 8.550602488909906512e-03 9.410291510921897987e-03 1.097966073086960315e-02 2.001375514529583899e-02 8.689652157650780417e-03 1.787407204296665927e-02 8.609063195764233081e-03 1.081938857907694534e-02 1.226809312636907220e-02
4.800000000000000000e+04 1.793432470774990531e-02 7.867291193841843833e-03 1.644351467351936810e-02 8.438065641118781129e-03 9.443973693674036218e-03 1.184751516725543984e-02 2.118006782354596440e-02 9.132110419279295885e-03 1.847804937139103931e-02 8.352521257767238014e-03 1.125688016382489672e-02 1.375561294392167733e-02
4.900000000000000000e+04 4.597085596688972597e-02 6.243606618837480721e-02 9.403731622262810619e-02 3.049456575513344661e-02 2.393983969143584356e-02 3.502661916178278351e-02 3.569910509558679723e-02 4.803662066309595524e-02 4.077525012539742755e-02 2.222504171994693981e-02 2.111592884755752672e-02 3.300265408727846850e-02
5.000000000000000000e+04 1.921012521194575412e-02 9.134024519244837367e-03 1.666085542682703077e-02 9.168229806825595879e-03 1.043661490997342678e-02 1.090129818136655396e-02 2.291971416043710880e-02 9.647960797021527465e-03 1.969606930593402125e-02 9.275860803442030275e-03 1.243098233319733965e-02 1.200258262062172711e-02
5.100000000000000000e+04 1.713803986470096435e-02 7.273737682015944325e-03 1.575577802003552685e-02 8.177845035216894931e-03 9.202689323982304534e-03 1.098125808807975078e-02 2.042805074798245690e-02 8.712894934048342685e-03 1.835354983429512629e-02 8.278967920133837102e-03 1.094625999893850642e-02 1.273377084962843894e-02
5.200000000000000000e+04 1.612526933701897633e-02 6.962821180305106029e-03 1.468104875620722394e-02 7.943870411166412127e-03 8.582433379948989360e-03 1.026947729514147631e-02 1.925001042624433292e-02 8.374292281192107987e-03 1.672585091218728101e-02 7.969416296732447641e-03 9.778669306903341532e-03 1.186244374589254594e-02
5.300000000000000000e+04 1.613356671676822660e-02 7.031218873476158260e-03 1.459502603004571124e-02 7.929841907303012208e-03 8.634479433344893415e-03 1.020581520243716254e-02 1.927040793609428176e-02 8.457432788241472932e-03 1.669382372140294779e-02 7.986639481126624890e-03 9.789578330309149992e-03 1.176290519200455173e-02
5.400000000000000000e+04 1.640191384763712776e-02 7.578705686046936958e-03 1.594439572658115992e-02 8.032839344364942763e-03 9.405151479441101886e-03 1.026427156412080405e-02 1.951755272733943225e-02 8.855736402778861815e-03 1.849859199948536079e-02 8.181138475709504032e-03 1.111298107139906816e-02 1.172183334869488641e-02
5.500000000000000000e+04 1.667270910187209146e-02 6.710919249793232191e-03 1.544787140455063101e-02 8.108917430626102693e-03 8.567509182588460906e-03 1.003453726047607263e-02 1.990140012976614886e-02 7.844094630816625738e-03 1.845786259612751737e-02 8.448053484988350334e-03 1.024214377446887314e-02 1.140262986440412386e-02
5.600000000000000000e+04 2.967695901738864883e-02 1.701791716750580483e-02 1.738894451057538745e-02 1.101793384400827011e-02 1.443846683573868014e-02 1.673614731304928771e-02 3.506851523119980385e-02 1.899162261575126562e-02 2.068325362620235947e-02 1.142589611183095731e-02 1.643293754740735718e-02 1.942941180261154727e-02
5.700000000000000000e+04 2.475531326852566452e-02 2.783924211901996765e-02 2.215204231960672676e-02 1.154324520753653716e-02 9.994538391104319797e-03 2.365019685704661950e-02 2.797224769376883621e-02 2.741542959115779096e-02 2.576384529950376950e-02 1.060083775286560330e-02 1.197040756720910322e-02 2.480037179445674159e-02
5.800000000000000000e+04 1.621243408483219461e-02 6.860558158472186002e-03 1.503858999983582502e-02 7.713884294306243283e-03 8.480769675230004703e-03 1.015424184299365019e-02 1.936256898272810043e-02 8.251668538092038138e-03 1.797488200959098531e-02 8.067395765962753068e-03 1.016676901069577497e-02 1.177031819940073040e-02
5.900000000000000000e+04 1.620288885011006777e-02 7.381498697740524438e-03 1.761100415086991680e-02 7.604504097681851101e-03 1.022361951901624988e-02 9.470403727287019305e-03 1.928463136174699694e-02 8.485214094497962878e-03 1.980659695862027267e-02 7.754411795649993923e-03 1.202592625952771110e-02 1.073858363314279460e-02
6.000000000000000000e+04 1.594218505814046921e-02 7.456012528034416248e-03 1.535828163336966368e-02 7.531911401144742065e-03 8.743308232907427702e-03 9.792230596022702405e-03 1.897685480916521880e-02 8.639813448551194111e-03 1.813211255706897312e-02 7.864861341157537017e-03 1.050115872231334804e-02 1.113446113202105903e-02
6.100000000000000000e+04 1.710354002790442571e-02 7.078227714981915990e-03 1.498341077270660959e-02 7.571378658309345540e-03 8.335176647385877241e-03 1.048740071016351395e-02 2.040596519975692094e-02 8.333502313789686519e-03 1.790270135428821338e-02 7.960866845158332678e-03 9.983089329007132848e-03 1.206633167977116949e-02
6.200000000000000000e+04 3.984898091416994720e-02 3.072154202792239108e-02 2.382879415833261474e-02 1.133716703077088973e-02 1.381779204374810818e-02 2.743790272828515800e-02 4.635667854329336701e-02 3.172723303207134610e-02 2.822079058853812009e-02 1.208871156069522487e-02 1.653314213684866502e-02 2.990876346934707650e-02
6.300000000000000000e+04 1.693014174779465877e-02 9.982255042514697266e-03 1.684449370416240058e-02 7.499711944263740167e-03 1.013290995850382042e-02 1.238774505531495783e-02 2.021801539626325722e-02 1.147169692342653834e-02 2.005238321253472247e-02 7.845437040176178600e-03 1.203926253919879348e-02 1.419209357421921842e-02
6.400000000000000000e+04 1.545362060717033782e-02 6.657877728828356587e-03 1.416340884185547135e-02 7.120045986254886113e-03 7.918555018095801631e-03 9.551258356183469841e-03 1.844915514036125567e-02 8.024876733392643721e-03 1.692381166075468749e-02 7.497156155629612975e-03 9.489829957245852002e-03 1.114133905127579795e-02
6.500000000000000000e+04 1.560181190746317594e-02 6.708147381521064115e-03 1.463970487362598917e-02 7.212581488013946988e-03 8.161430470906973905e-03 9.536572976843413554e-03 1.862600779418783353e-02 8.077241652096316810e-03 1.750382268187572476e-02 7.643375377505301320e-03 9.788352998865953655e-03 1.109065809772798346e-02
6.600000000000000000e+04 1.883239732072328546e-02 1.858299581856573054e-02 1.701668607416803244e-02 7.843134452227411638e-03 1.392773671432370915e-02 1.948789313726739109e-02 2.239316087150328496e-02 2.059216184184238171e-02 2.033584081781263445e-02 8.134515989928970542e-03 1.615951438633769777e-02 2.209850097043420183e-02
6.700000000000000000e+04 1.559012156442913209e-02 6.668255521370123826e-03 1.498115110657724340e-02 7.194780603656948659e-03 8.199093697681847370e-03 9.486515478615058228e-03 1.861091697134156786e-02 8.038289540456407603e-03 1.790082519250574961e-02 7.661330961323578083e-03 9.814573322849564838e-03 1.102917502477974640e-02
6.800000000000000000e+04 1.531204274703720607e-02 6.623607692706607458e-03 1.416785803615114997e-02 7.014955381704191494e-03 7.936426512404426079e-03 9.369239141301671445e-03 1.827728781635759581e-02 7.987736664485047336e-03 1.693209769250353380e-02 7.460678416967490151e-03 9.507153781127531539e-03 1.093358610587063205e-02
6.900000000000000000e+04 1.516338856836531995e-02 6.615070447535515395e-03 1.398230276870750591e-02 6.905140434385029398e-03 7.813782524796591619e-03 9.256361456181127004e-03 1.809769378012763066e-02 7.977518740397182215e-03 1.671360953254666382e-02 7.346414886084529430e-03 9.360243745229580165e-03 1.081427451686076645e-02
7.000000000000000000e+04 1.918286174994448048e-02 8.595771552709473989e-03 3.476521534866654217e-02 7.572189109156395731e-03 1.497466034637406386e-02 1.293967500304471843e-02 2.055259604706622181e-02 9.370497045278460002e-03 2.518549199051402926e-02 7.558403179896022554e-03 1.258342295448414486e-02 1.276018898961142796e-02
7.100000000000000000e+04 1.762260258653901984e-02 9.011856439537795430e-03 1.515567688581625182e-02 8.051536033979062382e-03 9.491359276601283104e-03 1.045277920187624374e-02 2.102086615885921661e-02 1.052229982907823200e-02 1.723073983572216347e-02 8.318732775940931856e-03 1.031223847244420143e-02 1.230363306150656852e-02
7.200000000000000000e+04 1.546509160068081090e-02 6.613271535217751622e-03 1.536788519785815300e-02 6.904126212749008527e-03 8.466176939267957419e-03 9.317058625480522868e-03 1.845472828048849018e-02 7.975636804154804735e-03 1.836617480342131806e-02 7.413323717437811725e-03 1.015406888874488545e-02 1.084545208510504302e-02
7.300000000000000000e+04 1.548151760159303947e-02 7.022096050652489388e-03 1.583740740078035808e-02 6.941663346531770987e-03 8.679829266423966239e-03 9.650060253806585359e-03 1.846546188313554632e-02 8.211696871925659377e-03 1.890250220194340455e-02 7.474998414749951456e-03 1.041754057395447193e-02 1.097770870587522381e-02
7.400000000000000000e+04 1.623967778946646540e-02 7.345166744734796596e-03 1.687529393523157228e-02 7.332539007271381311e-03 8.983154640013936085e-03 9.397808714389780521e-03 1.929760685348021892e-02 8.787742566514766818e-03 1.968577902995409870e-02 7.951131076545407336e-03 1.073469851421837533e-02 1.090326226623960192e-02
7.500000000000000000e+04 1.499716423265858023e-02 6.478844023929872069e-03 1.591461135253603720e-02 6.929713000898140608e-03 8.977763931353056892e-03 9.192906067049319910e-03 1.785078499205085961e-02 7.813836877091688560e-03 1.698721845232372893e-02 7.295059534586759847e-03 9.480529772065015778e-03 1.068670728006298337e-02
7.600000000000000000e+04 1.543318581698456364e-02 6.584276619681361797e-03 1.521299817906137178e-02 6.983188496446086045e-03 8.202163602574657000e-03 9.305261856986195984e-03 1.842231072790063984e-02 7.939416680178071339e-03 1.820123606583872594e-02 7.576446371173095433e-03 9.830927726344760101e-03 1.083403525933984875e-02
7.700000000000000000e+04 1.051098479681411152e-01 4.979021216733385546e-02 2.040047382918682983e-01 9.711515335740257548e-02 1.530539557707813192e-01 4.508425893000068269e-02 1.251799791826038732e-01 5.385909534547227845e-02 7.376079606080913897e-02 7.581904259209122643e-02 4.857140383364800390e-02 4.051850492232626083e-02
7.800000000000000000e+04 1.701944183338947869e-02 9.318044891979095773e-03 1.963884305000094740e-02 6.969598042076976911e-03 1.096270206212826039e-02 1.136838403709741936e-02 2.032265333077358863e-02 1.118627268086390403e-02 2.302732734976552231e-02 7.530312776739224966e-03 1.308260335395819082e-02 1.314332715371872504e-02
7.900000000000000000e+04 1.524062806138012406e-02 6.914676108162451026e-03 1.569702211584164675e-02 6.966326497113745249e-03 8.741288586028593544e-03 9.173018098583854418e-03 1.818477608492391831e-02 8.292082117477624081e-03 1.876826816459203906e-02 7.594723488913174107e-03 1.047486619161602968e-02 1.065497674670052783e-02
8.000000000000000000e+04 1.482644410238006909e-02 6.651655780406814066e-03 1.533312611946382499e-02 6.752152319600762502e-03 8.636642103593477476e-03 9.021882297525238986e-03 1.767800253706545630e-02 8.018900965073572085e-03 1.787802813924124767e-02 7.333694931964163805e-03 1.014580331401109328e-02 1.048001695862793743e-02
8.100000000000000000e+04 1.645221106565413621e-02 7.075256378383351814e-03 1.820724507662153588e-02 6.936594058594747030e-03 9.618762847572072741e-03 1.025570912156631084e-02 1.925261305072985263e-02 8.333208307970791165e-03 1.985891312833788780e-02 7.480658089552128139e-03 1.115577095419422252e-02 1.127580219074451537e-02
8.200000000000000000e+04 1.554776432381073208e-02 6.278429265746208326e-03 1.530048757994904862e-02 6.582451382103348542e-03 8.406133049653779013e-03 9.087149003745388642e-03 1.847159678343431727e-02 7.572406863793519627e-03 1.791580788011510120e-02 7.130193437063145172e-03 9.964781272011396726e-03 1.059193233669367476e-02
8.300000000000000000e+04 4.524503945960496598e-02 2.895010914848632558e-02 1.665937014362540158e-01 5.126239115024277399e-02 1.108339194206258427e-01 2.475511686437306333e-02 5.149713381158092101e-02 3.430615550415317544e-02 5.491026572411401852e-02 3.874824916279426962e-02 4.228803308315221693e-02 1.572527295519274629e-02
8.400000000000000000e+04 1.470485728661536165e-02 6.366885368186717305e-03 1.396975913858301659e-02 6.503106667289731101e-03 7.688229082522745998e-03 8.761051564377390910e-03 1.754931142597214791e-02 7.679946692708241457e-03 1.670936945859447659e-02 7.111382608785480654e-03 9.203124693602937265e-03 1.024275003164972116e-02
8.500000000000000000e+04 1.668381320794036851e-02 1.157423466078014856e-02 1.732379722816115505e-02 7.813711367359539584e-03 8.775745904477683448e-03 1.079751109025836424e-02 1.990504310440757013e-02 1.172648386262875597e-02 2.066957511739783357e-02 8.229346532913047255e-03 1.051898152515936755e-02 1.178653291247432067e-02
8.600000000000000000e+04 4.594055690924866986e-02 3.565866715563926342e-02 8.366986679319445008e-02 1.428243375895348055e-02 3.817655562256781071e-02 4.659723328394950459e-02 4.796260286132336681e-02 4.071481254036743436e-02 4.081930988933038518e-02 1.041893015383446239e-02 2.585012986489027345e-02 4.273392538743410463e-02
8.700000000000000000e+04 1.812097633207448641e-02 8.783617274451023180e-03 1.675154482169946904e-02 7.300735105154541361e-03 9.797544096546513884e-03 1.041571110585804393e-02 2.140371877800269912e-02 1.054862739593741792e-02 1.991813811854431515e-02 8.100657999838794046e-03 1.175024749565027962e-02 1.216673087872887325e-02
8.800000000000000000e+04 1.453148985540327759e-02 6.242323449239233629e-03 1.427001275374016262e-02 6.397271121487603344e-03 7.836560814027457647e-03 8.466463798040828326e-03 1.734236527312814358e-02 7.521971272858537540e-03 1.707672657583777717e-02 7.038886992707335880e-03 9.384343326413017994e-03 9.868388637385936205e-03
8.900000000000000000e+04 1.628943335333375361e-02 8.138540990562550051e-03 1.816564527229505566e-02 7.295481574732452963e-03 9.696992755917266046e-03 1.050034570489565521e-02 1.878063081752751051e-02 9.768984586742834528e-03 2.147382714223008277e-02 8.007407979412167059e-03 1.164411323442985334e-02 1.191294493778632252e-02
9.000000000000000000e+04 1.503846475195419995e-02 6.519420835021616685e-03 1.668068925565251159e-02 6.686705090851574780e-03 9.080620176955433998e-03 8.902741916193449706e-03 1.794696125934819655e-02 7.857197220513605432e-03 1.972419242752835450e-02 7.376135277606627599e-03 1.071189125161646320e-02 1.034286045596359387e-02
9.100000000000000000e+04 1.467524860509319268e-02 6.896407100969254023e-03 1.837945996535287480e-02 7.268903166802576261e-03 1.061909024385156511e-02 8.808882355772715625e-03 1.746385535008865286e-02 8.282357374797565119e-03 1.950114910993931000e-02 7.724717636008860029e-03 1.105692374555770213e-02 9.749793270226488409e-03
9.200000000000000000e+04 1.423766028457197630e-02 6.290701576134165654e-03 1.392216340427911841e-02 6.411078518518845658e-03 7.831690362986865050e-03 8.329658604510384659e-03 1.698528491594507306e-02 7.585519123156918460e-03 1.614291057506580390e-02 6.953516975701326888e-03 8.997976226692405710e-03 9.680242353631941798e-03
9.300000000000000000e+04 1.831074433002237781e-02 1.727545924961559898e-02 2.097732571477952876e-02 7.204092891524213442e-03 1.120315381573904964e-02 1.468820379443130063e-02 2.073247287658467469e-02 1.261056756738945274e-02 2.192810485822505040e-02 7.408482468017795614e-03 1.329426096875123420e-02 1.197851639704095895e-02
9.400000000000000000e+04 5.526928376633029327e-02 2.664481137606142247e-02 1.545691409972688724e-01 6.042959043979641981e-02 1.173976011683393467e-01 2.977334742221324215e-02 6.558945291859182014e-02 2.979143495387394022e-02 4.890884183725380252e-02 4.191021845416938174e-02 3.490052214059962549e-02 2.300066011506128952e-02
9.500000000000000000e+04 1.859702867706029134e-02 7.802392101920073084e-03 1.564657723251018651e-02 6.743977735023641736e-03 9.366982830926870104e-03 1.039893693591749033e-02 2.209391954059959293e-02 8.953717156194728952e-03 1.863511436210315772e-02 7.442741970672209391e-03 1.088972699300316122e-02 1.192472263870054429e-02
9.600000000000000000e+04 1.430192815112999415e-02 6.131930409202897975e-03 1.395095353060275128e-02 6.264192524934400659e-03 7.716126808338629774e-03 8.321814350738886146e-03 1.707014179083634134e-02 7.396869793531954916e-03 1.669247322549657908e-02 6.958282371138644652e-03 9.224685009589915496e-03 9.729521243963049071e-03
9.700000000000000000e+04 1.415376497990177528e-02 6.097568413128264496e-03 1.378426487898959038e-02 6.173322413103070165e-03 7.572379921046863520e-03 8.234658632720675067e-03 1.689216996447536617e-02 7.354763498477205098e-03 1.648854577369797056e-02 6.856663909237213118e-03 9.052136661241215118e-03 9.633596556973093861e-03
9.800000000000000000e+04 1.427032011692034794e-02 6.399017811659089665e-03 1.531746707487431636e-02 6.445352008632940395e-03 9.278752683513824887e-03 8.106402175322130477e-03 1.703040629685388663e-02 7.618495632470861575e-03 1.803989351850540657e-02 7.193029507689134745e-03 1.079386790558361890e-02 9.228962026951899322e-03
9.900000000000000000e+04 3.183503592378078562e-02 1.997110050766172720e-02 8.270080618551603480e-02 3.127495658684769503e-02 6.130086814540933182e-02 1.729211204828485712e-02 3.747763354455187906e-02 2.390273259679238926e-02 3.427882275009761642e-02 2.560893668379999460e-02 2.718314940265360163e-02 1.366728120394379922e-02
1.000000000000000000e+05 1.426661101220929456e-02 6.104810892461798484e-03 1.438906475158298684e-02 6.228948330234460214e-03 7.732420490155629891e-03 8.274894234117763023e-03 1.702975045938002335e-02 7.361984321282370736e-03 1.722395397276824114e-02 6.954751774725245229e-03 9.246348698917609271e-03 9.668104311163012304e-03
1.010000000000000000e+05 1.420359585812715035e-02 6.090489756608571947e-03 1.394341567438679708e-02 6.187070956438140736e-03 7.701273789770024351e-03 8.203981319502949218e-03 1.695415695641291215e-02 7.345705824408381955e-03 1.668442324274178878e-02 6.905621655544997434e-03 9.205277543929276177e-03 9.591240541178699952e-03
1.020000000000000000e+05 1.474331657043321565e-02 6.150826787181439687e-03 1.612969850501196414e-02 6.264267424122173591e-03 8.717111495863381215e-03 8.758235910585551037e-03 1.757312927302646932e-02 7.407362888072729738e-03 1.928674790520831794e-02 6.999127869839260468e-03 1.030978906691402963e-02 1.021232849535189460e-02
1.030000000000000000e+05 1.434111030599744506e-02 6.060591470584565828e-03 1.474861437928162190e-02 6.263716493150591445e-03 8.153458878648238081e-03 8.185309904191593114e-03 1.712001538560290262e-02 7.297557264119469873e-03 1.766160762423709535e-02 7.017722339006274117e-03 9.757720697095394538e-03 9.536737624595578375e-03
1.040000000000000000e+05 1.406216348505022647e-02 6.143177344282781636e-03 1.403334825554659361e-02 6.028457974884136178e-03 7.917944847701821609e-03 7.995297970214157446e-03 1.678027236414152135e-02 7.400656093468635857e-03 1.678472043138551709e-02 6.746867365654743605e-03 9.473568611498480244e-03 9.355982841172526265e-03
1.050000000000000000e+05 1.391417669176901913e-02 5.987437157979484496e-03 1.324070212253261776e-02 6.003143645531516109e-03 7.485778680391167242e-03 7.958782478786383119e-03 1.660871871163725408e-02 7.219588904363596037e-03 1.584430962220557612e-02 6.713540258166497340e-03 8.943771491177789079e-03 9.319602897516354387e-03
1.060000000000000000e+05 1.403818635992279580e-02 6.002967834122312565e-03 1.367285332347906515e-02 6.062677127884587291e-03 7.582784615781612732e-03 8.072500599161551785e-03 1.675825130021661724e-02 7.238144393979299880e-03 1.636448935217494488e-02 6.795645679970679053e-03 9.059350579317277177e-03 9.444170329400149513e-03
1.070000000000000000e+05 1.388371845302320724e-02 5.945692812575135468e-03 1.416703112981599656e-02 5.958849525054550622e-03 7.875531092063273522e-03 7.789141241236338491e-03 1.656720173526938025e-02 7.150182777743036358e-03 1.694507183723560281e-02 6.688066792066306096e-03 9.417579461512283825e-03 9.081849289831916625e-03
1.080000000000000000e+05 1.431501751817851158e-02 5.928888747266433841e-03 1.412563094045682366e-02 5.870810550611687932e-03 7.749534655113156194e-03 8.205024038081197915e-03 1.707117517232172033e-02 7.049557136563590863e-03 1.681679115107683614e-02 6.578479592055608456e-03 9.234867858210456595e-03 9.414221246342745208e-03
1.090000000000000000e+05 1.401901732916470932e-02 5.928489074299762851e-03 1.391176260708002106e-02 6.043373603159724744e-03 7.676809803745218534e-03 7.995069678923629602e-03 1.673648289502654637e-02 7.147287497608535538e-03 1.665345978539282262e-02 6.794045420660444271e-03 9.171349542401025651e-03 9.343777176100404383e-03
1.100000000000000000e+05 1.091733566402891820e-01 5.273398716045280682e-02 4.971506866304888778e-02 2.025050045372984650e-02 3.722051122663458389e-02 5.326833113975461276e-02 1.276092555102517345e-01 5.612178880180748036e-02 5.561179279623461313e-02 2.309313318813094665e-02 4.463247013035836347e-02 6.006727142542035019e-02
1.110000000000000000e+05 2.356896230460204730e-02 1.151768929847056880e-02 1.912747976667193359e-02 7.141928012510343968e-03 1.049806376799211106e-02 1.539467386822097016e-02 2.747881046587935874e-02 1.325575138677206541e-02 2.193711352528388350e-02 8.131524101727169440e-03 1.256597381405590366e-02 1.786868236708022070e-02
1.120000000000000000e+05 1.384883578465651369e-02 5.854880247577759315e-03 1.382580208280715338e-02 5.998066717303224445e-03 7.741454546879046432e-03 7.825688196867377350e-03 1.653348687494083855e-02 7.059681966441137130e-03 1.655479413604441646e-02 6.761433561909378255e-03 9.247091355364629034e-03 9.154420104776284789e-03
1.130000000000000000e+05 1.394842520011365695e-02 6.450684626251756114e-03 1.615670916397753815e-02 6.559795826452443149e-03 9.469526275013601113e-03 7.638858336098714071e-03 1.653354876679308250e-02 7.759596309610150566e-03 1.911233736452050067e-02 7.425326999004215611e-03 1.133211101546268904e-02 8.879791470823234292e-03
1.140000000000000000e+05 1.462909647030891970e-02 6.659686364734539177e-03 1.520405623869555169e-02 6.794421541806532072e-03 8.813093790047573511e-03 7.864144889898148222e-03 1.747047204733260736e-02 7.983150207082970184e-03 1.810120888003599604e-02 7.458802928002527741e-03 1.043931644912709372e-02 9.081233988919516775e-03
1.150000000000000000e+05 1.352159045354718418e-02 5.748012710526704573e-03 1.360301312028126472e-02 5.776427416750048310e-03 7.644669487629254453e-03 7.538345362146829133e-03 1.614252919474633632e-02 6.916734228293026747e-03 1.621868868249188092e-02 6.489960663127697198e-03 9.055516553587002193e-03 8.749846809771442968e-03
1.160000000000000000e+05 1.358874783244282819e-02 5.797075729812883362e-03 1.325125134424321241e-02 5.827759592885219282e-03 7.419829598378350523e-03 7.674789525737729830e-03 1.622382257624660137e-02 6.987070280010696660e-03 1.586146121177230139e-02 6.576249379062340701e-03 8.858096528029945488e-03 8.989094541907886177e-03
1.170000000000000000e+05 1.566820037012357503e-01 9.778244531137383899e-02 2.233553546925138578e-01 1.267321495385514418e-01 1.738392510789940337e-01 6.708785129658249857e-02 1.876614225780559309e-01 9.551868386764082730e-02 9.485927782832070942e-02 9.364042539989070324e-02 6.511282548759945998e-02 7.155698825655525119e-02
1.180000000000000000e+05 1.374982147158631575e-02 6.597424256198691772e-03 1.472119320238556538e-02 6.038889287403313363e-03 8.822534812853482372e-03 8.007729051147683200e-03 1.641433993462623059e-02 7.828717410965999740e-03 1.747408202610155337e-02 6.833675028527877969e-03 1.044307067270217049e-02 9.268892092184684295e-03
1.190000000000000000e+05 1.530523285732261242e-02 8.795549139304487812e-03 1.584827488834097964e-02 6.447713164364985046e-03 9.278499102904361195e-03 1.046197568127246215e-02 1.809958157840241277e-02 1.027775935448893042e-02 1.842079344666663898e-02 7.318291157980616642e-03 1.102303996017086479e-02 1.182460430699208177e-02
1.200000000000000000e+05 1.358875552174670584e-02 5.762233836724415734e-03 1.285662849614480768e-02 5.790469858946807255e-03 7.411716701726502043e-03 7.572270812903279281e-03 1.622605699453621292e-02 6.938554458324597447e-03 1.531696111293000782e-02 6.564551434532109146e-03 8.791633444573079825e-03 8.893042217346743342e-03
1.210000000000000000e+05 1.378644388919759121e-02 5.751965552464469514e-03 1.400788548923545367e-02 5.949284066586171468e-03 7.847163924029608786e-03 7.734399211648142029e-03 1.646339561706016905e-02 6.932527689133344967e-03 1.677807092450342430e-02 6.752322996889081538e-03 9.372082384783044298e-03 9.042772535107053422e-03
1.220000000000000000e+05 1.357262731224150899e-02 5.743750103327414924e-03 1.339588652731249149e-02 5.817386052160413053e-03 7.501318374203922064e-03 7.621583277184704359e-03 1.620776407523906448e-02 6.921927390170941156e-03 1.603918953646524953e-02 6.596059565712822544e-03 8.952256869884619647e-03 8.923540615478368562e-03
1.230000000000000000e+05 1.346912218366442919e-02 5.681593754386610011e-03 1.291130162804064035e-02 5.753876626968074462e-03 7.444192313356926861e-03 7.461193328271683786e-03 1.608393231575343946e-02 6.846806396657256939e-03 1.545905060428581258e-02 6.524253789483993628e-03 8.884065085615759291e-03 8.739912566741217179e-03
1.240000000000000000e+05 1.349719981904823340e-02 5.678137306918452226e-03 1.290713907427779895e-02 5.760184167706404110e-03 7.454508962625919395e-03 7.473027569485812815e-03 1.611825158798329063e-02 6.841814126412962445e-03 1.545354155452399736e-02 6.538828502047995192e-03 8.894137939815072863e-03 8.753545487783601434e-03
1.250000000000000000e+05 1.366439065948613779e-02 5.663541236753606538e-03 1.391742115928536021e-02 5.869876510079158165e-03 7.807037308459394490e-03 7.592331519172315288e-03 1.631935592533579477e-02 6.824751861544551407e-03 1.667033768267327937e-02 6.673255733836963750e-03 9.318836368837535647e-03 8.878981171163312022e-03
1.260000000000000000e+05 5.283979290872368312e-02 3.625772051072245761e-02 2.050506012350731266e-01 7.075411504799884732e-02 1.496495098276458824e-01 3.059941915260296075e-02 6.033150542531118959e-02 4.221582427658038261e-02 5.585209890877138733e-02 4.560759686213401720e-02 4.566015805746703043e-02 2.024783282503363896e-02
1.270000000000000000e+05 1.330762408485628920e-02 5.528448503367869131e-03 1.356609406355829307e-02 5.661339013120355104e-03 7.644745250167200856e-03 7.339738254677164071e-03 1.589093530178109503e-02 6.651523312059461936e-03 1.624878389883440896e-02 6.439949580268575745e-03 9.124815903881899545e-03 8.571882080757910194e-03
1.280000000000000000e+05 1.330540267559165643e-02 5.591002132055755518e-03 1.312411404139004339e-02 5.693144740497223244e-03 7.464759245026209022e-03 7.366278640228653488e-03 1.589042372836078562e-02 6.736417394519487144e-03 1.571569118830726253e-02 6.474314275954894463e-03 8.905087826519103925e-03 8.624186114110747592e-03
1.290000000000000000e+05 1.354655127087215326e-02 5.575263641339534004e-03 1.420376960778061554e-02 5.840390558556505726e-03 8.019953026808791102e-03 7.505338411923049777e-03 1.617986141646669124e-02 6.717646211084482219e-03 1.701958124030369252e-02 6.655534366500664295e-03 9.579532923387902577e-03 8.769675824126499028e-03
1.300000000000000000e+05 1.321663181735996569e-02 5.517730562707881363e-03 1.307097862191365645e-02 5.629633614916131241e-03 7.459884930488542946e-03 7.267513495043391447e-03 1.578485229601549536e-02 6.646827169158324618e-03 1.565436622297525227e-02 6.411556876228979678e-03 8.899535982226867634e-03 8.506673281594819697e-03
1.310000000000000000e+05 1.332372833292709557e-02 5.676520096638268571e-03 1.279345570425638283e-02 5.741031232658312493e-03 7.526924621958032760e-03 7.261861799029071737e-03 1.591460470831194615e-02 6.820705549634058576e-03 1.526926823695413243e-02 6.496079617067765030e-03 8.929916594497126422e-03 8.511943524938725414e-03
1.320000000000000000e+05 1.337021915154950821e-02 5.540640731193200060e-03 1.455711524563279256e-02 5.837696097347029600e-03 8.337414813254406115e-03 7.218908660520884091e-03 1.596995309615039868e-02 6.674702213864899987e-03 1.742724730191034035e-02 6.658148357767117165e-03 9.950230774770614864e-03 8.418398958453582673e-03
1.330000000000000000e+05 1.323729266620113885e-02 5.516054467074660468e-03 1.263127280090852421e-02 5.643100589604091964e-03 7.400731220357123843e-03 7.196179217918449375e-03 1.581197007263388660e-02 6.644228741491450124e-03 1.512566293986747010e-02 6.438302918824730624e-03 8.825169530241818230e-03 8.430805829225833381e-03
1.340000000000000000e+05 1.317795720076518802e-02 5.433746448616310482e-03 1.353115215912249585e-02 5.660422148451628617e-03 7.693289089551542254e-03 7.203187462769569845e-03 1.573998076986164035e-02 6.543187345200680329e-03 1.620190100838409669e-02 6.461182434556090107e-03 9.174442498073812763e-03 8.409098896261216552e-03
1.350000000000000000e+05 1.319403548239275921e-02 5.454822182840659943e-03 1.324568000790915870e-02 5.667501969702616084e-03 7.645111258914150110e-03 7.221583250892590726e-03 1.576059173226498911e-02 6.572328595454896005e-03 1.586637287580067515e-02 6.473776405799446659e-03 9.117897688753567875e-03 8.447071469373542210e-03
1.360000000000000000e+05 1.302665686184540685e-02 5.403904215902121874e-03 1.312173106650220758e-02 5.576372499326337669e-03 7.504256327515617005e-03 7.114555816469692040e-03 1.556029537346732133e-02 6.509759930865284538e-03 1.571735888732090150e-02 6.371632677209014030e-03 8.949719602131834054e-03 8.330528651670984774e-03
1.370000000000000000e+05 1.316527901529546477e-02 5.429398678501696010e-03 1.383244842617581405e-02 5.694498922863219965e-03 7.902405105512327541e-03 7.240212274235343845e-03 1.572592208648597098e-02 6.540494272130928030e-03 1.657367989447569231e-02 6.511245762435981244e-03 9.429999156036178443e-03 8.463996944669770900e-03
1.380000000000000000e+05 1.316397401522334011e-02 5.439646513880660485e-03 1.304915490650848491e-02 5.648175189386685224e-03 7.560898563424355706e-03 7.164573514578389049e-03 1.572677610770887441e-02 6.553128942836267470e-03 1.562846114171659306e-02 6.459837426109033866e-03 9.013455774981655316e-03 8.383450842499518690e-03
1.390000000000000000e+05 1.302199097693966350e-02 5.340091116823671331e-03 1.333417360644294399e-02 5.610615767054055042e-03 7.695984964243518696e-03 7.087588784848988452e-03 1.555583941977871365e-02 6.432398294351760609e-03 1.597233362277905924e-02 6.418607655419552617e-03 9.177792117283431819e-03 8.280276827283135702e-03
1.400000000000000000e+05 6.385638675675085751e-02 3.716403390678079538e-02 9.984266142750067297e-02 1.523542076716653988e-02 5.328038874745515824e-02 6.653826728374799548e-02 7.272521552637291331e-02 3.158496807786447674e-02 6.013653060101668835e-02 1.546065295038586036e-02 3.193370179720390195e-02 5.110860527232530259e-02
1.410000000000000000e+05 1.305224254705514807e-02 5.407037328935382359e-03 1.434431875410067253e-02 5.684772332135933602e-03 8.391335532942259534e-03 7.080555310062466683e-03 1.559264705934557300e-02 6.505445045511217515e-03 1.719310241859438662e-02 6.508452381007898482e-03 1.002611117329722107e-02 8.244724818515373685e-03
1.420000000000000000e+05 1.645500737732842264e-02 7.685329614359571321e-03 1.548806494618550772e-02 7.528129067372778954e-03 1.141939374584254388e-02 1.097233938514981244e-02 1.964081900986837381e-02 9.010027000873596648e-03 1.834419830272947249e-02 8.701302473505269017e-03 1.354618358778014557e-02 1.268107178307990683e-02
1.430000000000000000e+05 1.283879487970662932e-02 5.278372273836958242e-03 1.377323470657808302e-02 5.557758774974792988e-03 8.079627885643749993e-03 6.976425619459558809e-03 1.533816112788124325e-02 6.355012180512982327e-03 1.650593922954019313e-02 6.367384637002509139e-03 9.645401052858777746e-03 8.139852926549112980e-03
1.440000000000000000e+05 1.284301526358818703e-02 5.280416220583679376e-03 1.248471534971379478e-02 5.479375887482334888e-03 7.371081704309530649e-03 6.872543205027926115e-03 1.534367506777401836e-02 6.356781761876031597e-03 1.486741483764718146e-02 6.289329730547180662e-03 8.721289652685386765e-03 8.064055516965042483e-03
1.450000000000000000e+05 1.294078411796893875e-02 5.305308789649252135e-03 1.337889005013093158e-02 5.602576297463882256e-03 7.770980770972727748e-03 7.001675718714873813e-03 1.546232651546858468e-02 6.390366813238563919e-03 1.602824221394891918e-02 6.425770818494928871e-03 9.264234895889815122e-03 8.178773181057481800e-03
1.460000000000000000e+05 1.290604940716357299e-02 5.282788464988594571e-03 1.280546410049088722e-02 5.545121564158670378e-03 7.517871131573993643e-03 6.893778006237269093e-03 1.542173829139738966e-02 6.363319999354855906e-03 1.533845975141808794e-02 6.362337994381815631e-03 8.958263127786823821e-03 8.064652105898144699e-03
1.470000000000000000e+05 1.028465190626892678e-01 7.101897115603848787e-02 5.920397010044925468e-02 3.490560283473456010e-02 2.633954414982050962e-02 5.868202397162508577e-02 1.221992428000619607e-01 6.201596600531713438e-02 6.981048111447366034e-02 3.876490307296552584e-02 3.130376561395199070e-02 6.577884635659582424e-02
1.480000000000000000e+05 1.385644886969297947e-02 5.447489762434353303e-03 1.584148023528811691e-02 5.417842106781028434e-03 8.941184407924249525e-03 6.639778141708988987e-03 1.654699491780239201e-02 6.453693104287976622e-03 1.898102254120788077e-02 6.135919023068334664e-03 1.066646813509567610e-02 7.733756767898141392e-03
1.490000000000000000e+05 1.259201970385225022e-02 5.492697382266297987e-03 1.410343113224867689e-02 5.643782999932854365e-03 8.625625240936492591e-03 6.926074740427984495e-03 1.504503116688552661e-02 6.575703998702986212e-03 1.685070489249367379e-02 6.487239500346460123e-03 1.027277285163418798e-02 8.054262959342362027e-03
1.500000000000000000e+05 1.904580339678512216e-02 1.143465515459067203e-02 4.071867758807150989e-02 1.265570192892454503e-02 1.953926485553666298e-02 2.561534469947941706e-02 2.209883537400904666e-02 1.200579572109364973e-02 3.127990502667078732e-02 1.087872758308112628e-02 1.518874148816616934e-02 2.273643407125512661e-02
1.510000000000000000e+05 6.845876369982262233e-02 3.703044388926308300e-02 7.399432575107962873e-02 1.513555005191455534e-02 4.402557064313143698e-02 4.838006674705784549e-02 7.952510471751496335e-02 3.123893751771305433e-02 5.411274395387424829e-02 1.747415692364440165e-02 3.188134770280186964e-02 3.810316922067030071e-02
1.520000000000000000e+05 1.266505576964666729e-02 5.181116809853141512e-03 1.270091781933224175e-02 5.455452641980616628e-03 7.444999492958155954e-03 6.726041042652602248e-03 1.513583856165847535e-02 6.239600754701326267e-03 1.521465922730903808e-02 6.272396741727872226e-03 8.869840674527668459e-03 7.866744657666742413e-03
1.530000000000000000e+05 1.559290560350641563e-02 6.649808384353502258e-03 1.954970026278541120e-02 5.661028013186126910e-03 1.012742588026284939e-02 7.223047046038783697e-03 1.835515727565721622e-02 6.843431888439359921e-03 2.304678331122869683e-02 6.477258567586988321e-03 1.205301713630054991e-02 6.959017632184181373e-03
1.540000000000000000e+05 1.254690751912324910e-02 5.095766686583602309e-03 1.267368411870870883e-02 5.405675738155258682e-03 7.508708617971672321e-03 6.605211768393058104e-03 1.499451646251138102e-02 6.137726555896089176e-03 1.518292138992409328e-02 6.217325310276015059e-03 8.944246225595049032e-03 7.722275110204240497e-03
1.550000000000000000e+05 1.328088572462800959e-02 5.169983864686793912e-03 1.567340002081945086e-02 5.276404358371154964e-03 8.647183346064816686e-03 6.616387629659731089e-03 1.587121909305177353e-02 6.222808595349187295e-03 1.855437252713752413e-02 6.017991553733876772e-03 1.016882015390752590e-02 7.664098976344040602e-03
1.560000000000000000e+05 1.228274511728888810e-02 5.390467938559346042e-03 1.375377567326300371e-02 5.439053655087582387e-03 8.613498734909658117e-03 6.733620563079492811e-03 1.467823503039495520e-02 6.413950161655148328e-03 1.649069136681447292e-02 6.260887917936395000e-03 1.029127566745705394e-02 7.784861248862154533e-03
1.570000000000000000e+05 1.253827607965467446e-02 5.081158192634016926e-03 1.248173298540502553e-02 5.417334079518967144e-03 7.433117189625957667e-03 6.532221031359861270e-03 1.498654720801239487e-02 6.119473932689740818e-03 1.495218265702604778e-02 6.239494637634064415e-03 8.851642721242683476e-03 7.636185036390991977e-03
1.580000000000000000e+05 1.245394045735717832e-02 5.043461874440532955e-03 1.280199134569496265e-02 5.390812914853673754e-03 7.584493860332501732e-03 6.535707143408981713e-03 1.488502336463288361e-02 6.074295766203048445e-03 1.533817109035234653e-02 6.209544535667668209e-03 9.034630553264392724e-03 7.635491579399764604e-03
1.590000000000000000e+05 6.298003358604194191e-02 4.056928285969557679e-02 8.181466950946204852e-02 1.778908840362587382e-02 3.029216138803647596e-02 8.174246522139315407e-02 6.981896278058453975e-02 4.070649313919865592e-02 6.278787981497560566e-02 1.883176217679648212e-02 2.151128009839453625e-02 7.704183512403338374e-02
1.600000000000000000e+05 1.235162296027514719e-02 4.992762948243072152e-03 1.301796232758547708e-02 5.370316572944277070e-03 7.715672638020301330e-03 6.458511552607889249e-03 1.476289494325534919e-02 6.013164922002367345e-03 1.559716506390401713e-02 6.191732804679277342e-03 9.190086086252590228e-03 7.542715040480489803e-03
1.610000000000000000e+05 1.232241148428100258e-02 4.980332699135237191e-03 1.241620373896534443e-02 5.339991078913182941e-03 7.430659266422663493e-03 6.378837967319704420e-03 1.472915181709762850e-02 5.998112210337579707e-03 1.487532862064639035e-02 6.156837517308764475e-03 8.847808649690720034e-03 7.454110335309630658e-03
1.620000000000000000e+05 1.252109648650460982e-02 5.233348224719130103e-03 1.452018326427535234e-02 5.426845170553211764e-03 8.613830670378993040e-03 6.473676918386694207e-03 1.496013625752260282e-02 6.258998078827593750e-03 1.739625552996462363e-02 6.198841905648985566e-03 1.023780252318255701e-02 7.284908301350197062e-03
1.630000000000000000e+05 1.220739425886398569e-02 4.925822765843663499e-03 1.307512123543924654e-02 5.318843228687979326e-03 7.712604930901183903e-03 6.382970401959496033e-03 1.459112989388436192e-02 5.931807330484029778e-03 1.566758000066329967e-02 6.138762160145247622e-03 9.187501061575124167e-03 7.451534769388330065e-03
1.640000000000000000e+05 1.216718067515029818e-02 4.900288005629355528e-03 1.225233460349748130e-02 5.273123620514686728e-03 7.383114977974430254e-03 6.239549663485177873e-03 1.454405485734397083e-02 5.901802295240729697e-03 1.468037755966939036e-02 6.083928707074530602e-03 8.789971356372888386e-03 7.290466185164882346e-03
1.650000000000000000e+05 1.216204341644432779e-02 4.897573237052178785e-03 1.279934356556667110e-02 5.313275522141037120e-03 7.647562217044748603e-03 6.283656863817161341e-03 1.453838586320838067e-02 5.898572450274097018e-03 1.533558715620923774e-02 6.134791969553205632e-03 9.106747190033010267e-03 7.335520395944749097e-03
1.660000000000000000e+05 3.214378457167468145e-02 2.018662286092992933e-02 9.136868413701193514e-02 3.628272121505186909e-02 6.409317371574643762e-02 2.134036715670603601e-02 3.694845114315385703e-02 2.237464142202690021e-02 3.322527131286873159e-02 2.366381973857066209e-02 2.203521100606378735e-02 1.729902859138627430e-02
1.670000000000000000e+05 1.192047424347661942e-02 4.838576758175321818e-03 1.299435182706851731e-02 5.279911161281923559e-03 7.985497864181139230e-03 6.278170868877102663e-03 1.424835826379773282e-02 5.825979142537896643e-03 1.556821262022460399e-02 6.103739059031216066e-03 9.508401003517403041e-03 7.329570529206318186e-03
1.680000000000000000e+05 1.196459810326850476e-02 4.799017120478277568e-03 1.272267897726435566e-02 5.229216827749412488e-03 7.662123406659493256e-03 6.135023323682094014e-03 1.430255817530453992e-02 5.779605254205846636e-03 1.524479303430533589e-02 6.041397028383724624e-03 9.123418998006392264e-03 7.154898043227123951e-03
1.690000000000000000e+05 1.184795639558287698e-02 4.758289371636607520e-03 1.281660716826868093e-02 5.159786653853638307e-03 7.803346356840876359e-03 6.012958767573160952e-03 1.416264559006349261e-02 5.727892266130798875e-03 1.535919564226067083e-02 5.959343671610098023e-03 9.295060619170297453e-03 7.000985237179757972e-03
1.700000000000000000e+05 1.806778962293427090e-02 9.271590383515514178e-03 2.135271342780516515e-02 5.326407038274829503e-03 1.167015029143290972e-02 9.755235694399387938e-03 2.162308925076332836e-02 9.073808567790293128e-03 2.545997442684625259e-02 6.133254831053909159e-03 1.380742713794597121e-02 9.268275115700093034e-03
1.710000000000000000e+05 1.180246683657861818e-02 4.747519938609668678e-03 1.244304075038589301e-02 5.201876917747556145e-03 7.547993029376401722e-03 5.987170200514852977e-03 1.410995239376141609e-02 5.718307982386912867e-03 1.490955267691754065e-02 6.014769308219880713e-03 8.985461687984711010e-03 6.985048565114960681e-03
1.720000000000000000e+05 1.189330172664738484e-02 4.788574238542481210e-03 1.213102496990833314e-02 5.247480228234018169e-03 7.332709583218459393e-03 5.957106553370786033e-03 1.422059428197734038e-02 5.767278312726062742e-03 1.453464572388566897e-02 6.070195192200639536e-03 8.725600947125791013e-03 6.950970208226726552e-03
1.730000000000000000e+05 4.090071634788636917e-02 4.079369847684580913e-02 4.730033948773712527e-02 4.300190598562964039e-02 2.978536882292500548e-02 2.026517331003039810e-02 4.615994185980334258e-02 4.842666477644657491e-02 3.648125324026586097e-02 4.469225433487346993e-02 2.247610761199653542e-02 2.109221914365903838e-02
1.740000000000000000e+05 1.164802835302744012e-02 4.679817177857264685e-03 1.201721028857917484e-02 5.135836486688640304e-03 7.341203507812599401e-03 5.804005052112490640e-03 1.392643659678685295e-02 5.637128742535381203e-03 1.440008175733963579e-02 5.939919789144106933e-03 8.736362783378069999e-03 6.769887471408683396e-03
1.750000000000000000e+05 1.185214947755494803e-02 4.901496861421564266e-03 1.277258378390110777e-02 5.112963506282913913e-03 8.309563589989606494e-03 6.452699504977782788e-03 1.417079249039222139e-02 5.889766936599125785e-03 1.528339837464066410e-02 5.916926916143942262e-03 9.899382980485094130e-03 7.534616206755832130e-03
1.760000000000000000e+05 1.150744139459098161e-02 4.617988981106460784e-03 1.250303407589986419e-02 5.086228847128483610e-03 7.679858700062243762e-03 5.738991980619174982e-03 1.375741629381203694e-02 5.560168372137646968e-03 1.498149394841015447e-02 5.890833434005946466e-03 9.143808430120421715e-03 6.685389242337406134e-03
1.770000000000000000e+05 1.201611143763521572e-02 6.253365008404813616e-03 1.371102203718216686e-02 5.467395736833849905e-03 9.031046883094969585e-03 8.475016792368332552e-03 1.428200580826329349e-02 7.434688202587552697e-03 1.604358589136220883e-02 6.112929990712687688e-03 1.062232239319910350e-02 9.556777919653990788e-03
1.780000000000000000e+05 1.130176911186994183e-02 4.578193913756652307e-03 1.238636072227569836e-02 5.028669180923562090e-03 7.697843347086806565e-03 5.638323011774714656e-03 1.351108898664165302e-02 5.514681087472796811e-03 1.484228964081348370e-02 5.823629904045459459e-03 9.166814426002860283e-03 6.571291776835987836e-03
1.790000000000000000e+05 5.934673783399244812e-02 5.253625081475574859e-02 5.904477008713619052e-02 4.902563707667347698e-02 4.581521406805266067e-02 2.964851767252756412e-02 7.045612389893161909e-02 6.205378188066563994e-02 4.161844501811851060e-02 4.783642751576180907e-02 3.397532548437179334e-02 3.356818493765700850e-02
1.800000000000000000e+05 1.115617397446931267e-02 4.523561527675033604e-03 1.195899728489733735e-02 5.020475972156030094e-03 7.409653279289607486e-03 5.466544213754927217e-03 1.333949561604260044e-02 5.449907463341675286e-03 1.433030150275404341e-02 5.810515395080202532e-03 8.817297025083326023e-03 6.361301501998403544e-03
1.810000000000000000e+05 1.732944199241236508e-02 7.018032233845505896e-03 1.975710735968065970e-02 1.050959033979227512e-02 1.211374321088890677e-02 1.315148292043600772e-02 1.981457375226531453e-02 8.431484509909270564e-03 1.856262933566158596e-02 1.053927441211260051e-02 1.316869211284409612e-02 1.333602132893375002e-02
1.820000000000000000e+05 1.101009975098249730e-02 4.476738241044391116e-03 1.166148970254477987e-02 4.982685576514354203e-03 7.230080936937634088e-03 5.298826007017432178e-03 1.316605782902937824e-02 5.394240966133559238e-03 1.397451865277613697e-02 5.770735030385809247e-03 8.600621598273898438e-03 6.165497057451780130e-03
1.830000000000000000e+05 3.376970770516875969e-02 2.882058796492970726e-02 2.707529646533237896e-02 1.052185246008964514e-02 1.240361082666960671e-02 2.494476804459658942e-02 3.946273702385832971e-02 2.769266972516179134e-02 3.184414037828922628e-02 1.209140509651044151e-02 1.459626975111489450e-02 2.460401524761580971e-02
1.840000000000000000e+05 1.080295367588032275e-02 4.632415555408465717e-03 1.242663051594434555e-02 5.009530924016637396e-03 8.070387340462677195e-03 5.565923409753249090e-03 1.289657422561381675e-02 5.577650549763252252e-03 1.463866471689794641e-02 5.762334797160663033e-03 9.461533932115816226e-03 6.445596986490975330e-03
1.850000000000000000e+05 1.074100604494303800e-02 4.411793525854290458e-03 1.143946101830778384e-02 4.921328867365011399e-03 7.114193606688066530e-03 5.083528261895979214e-03 1.284545042754413856e-02 5.316940651539355488e-03 1.370894368126965995e-02 5.701126411337791022e-03 8.461481485674300987e-03 5.908288062116550873e-03
1.860000000000000000e+05 1.069537038925760623e-02 4.407543473557810898e-03 1.129784533306926221e-02 4.922606020954106883e-03 6.995518985235480054e-03 5.014662989695326152e-03 1.279177395269772734e-02 5.312032076355759774e-03 1.353931709025010290e-02 5.704749389750594923e-03 8.318409643561895314e-03 5.826793815431956583e-03
1.870000000000000000e+05 1.046031289831937661e-02 4.389340071079047417e-03 1.181529922800080012e-02 4.854156864731415041e-03 7.479743440689769034e-03 5.020701461533618425e-03 1.250599493119077324e-02 5.288332378129584690e-03 1.413679029997698920e-02 5.632021146490573220e-03 8.891639623708605389e-03 5.835232472830789371e-03
1.880000000000000000e+05 1.077543700808826499e-02 5.606638695713194245e-03 1.209927923987676179e-02 5.143325215179387136e-03 7.944421458266622688e-03 5.822170927570027507e-03 1.287234179670587904e-02 6.548064360864255286e-03 1.449966428379752953e-02 5.961108899305860367e-03 9.475118376420559041e-03 6.674168083744602686e-03
1.890000000000000000e+05 1.027596436540681446e-02 4.342640732513973999e-03 1.118557915903804767e-02 4.848245945925085815e-03 6.998447701340278042e-03 4.759978758917528426e-03 1.228877976368054382e-02 5.234937034246625771e-03 1.338125662197640030e-02 5.585052756461776971e-03 8.312002701683481043e-03 5.494742850276246489e-03
1.900000000000000000e+05 1.032630799728606087e-02 6.060920620439517494e-03 1.213514996381436992e-02 5.384383533601566976e-03 8.626987650021024009e-03 6.501612550583573888e-03 1.224936643630949486e-02 7.219456806679784566e-03 1.453836277926768422e-02 6.263113536639487028e-03 1.019764231302325991e-02 7.573980767802996651e-03
1.910000000000000000e+05 2.948006165459262154e-02 2.275573362190122517e-02 2.184207190948549496e-02 2.014249833938085502e-02 1.292309266500857833e-02 1.346913987015681269e-02 3.523156494614964468e-02 2.695099667949951358e-02 2.543010706779294874e-02 2.365854877045604418e-02 1.394132981235068902e-02 1.563415328830565151e-02
1.920000000000000000e+05 9.874132889886831632e-03 4.281104243529282663e-03 1.109957332771719860e-02 4.766611041039866409e-03 6.972295869948907932e-03 4.564988102757453446e-03 1.181122802903816944e-02 5.160544867076046795e-03 1.329999850955117420e-02 5.527305597622912681e-03 8.291733128998939051e-03 5.287502408636095795e-03
1.930000000000000000e+05 9.682034665073281990e-03 4.314990965502237506e-03 1.133199051490818912e-02 4.768122145236551590e-03 7.205304488381519303e-03 4.541787973519784138e-03 1.158154893160114225e-02 5.200322441966217374e-03 1.357678542704620316e-02 5.529167831912120551e-03 8.573504165256573203e-03 5.257816519474294535e-03
1.940000000000000000e+05 9.639436544180602848e-03 4.266042202316769512e-03 1.088089132484143171e-02 4.744643292708120540e-03 6.817031900319836350e-03 4.387518161820591622e-03 1.153208481037697533e-02 5.143076141654799767e-03 1.303493789924376964e-02 5.504911881101431752e-03 8.103464079803874773e-03 5.076720526400593098e-03
1.950000000000000000e+05 2.191186816628568762e-02 1.599262857762846768e-02 2.799507745575401801e-02 1.078916596701137362e-02 1.407323638490701363e-02 2.519923198718189081e-02 2.520351516074290782e-02 1.660170606031898324e-02 2.718702642746724171e-02 1.174514507121888693e-02 1.388033101773138503e-02 2.380184814468475768e-02
1.960000000000000000e+05 9.282638837785434083e-03 4.404509260737564380e-03 1.095191439960195925e-02 4.755393739378709420e-03 7.143207770333954987e-03 4.380864899562011625e-03 1.110423408763586833e-02 5.295596628045515404e-03 1.311032358566045254e-02 5.518861668353409848e-03 8.489540508017319465e-03 5.072190432539574328e-03
1.970000000000000000e+05 9.103560522236577024e-03 4.228040675495153486e-03 1.065478518976963225e-02 4.652466296049555597e-03 6.765215632893179475e-03 4.142565505701121566e-03 1.089133301637477957e-02 5.096193588653450367e-03 1.275783163765751779e-02 5.403503322825901900e-03 8.041522786930483183e-03 4.787792144689781773e-03
1.980000000000000000e+05 8.932058216546039445e-03 4.226064914473075251e-03 1.056467971945871526e-02 4.613075960435879599e-03 6.688334823635039283e-03 4.037960950038696310e-03 1.068677369329284511e-02 5.092089067981978717e-03 1.265727522724350435e-02 5.347652931015549858e-03 7.953119487675994886e-03 4.653572332006283493e-03
1.990000000000000000e+05 1.098756432670527396e-02 6.636412227688716359e-03 1.180382143681292517e-02 6.210252096996736471e-03 7.738523738192942293e-03 5.323496904650983075e-03 1.315331868240965374e-02 7.827323478156410913e-03 1.393048582515002236e-02 7.173955240204496139e-03 9.205098493444398289e-03 6.203592904899802619e-03
2.000000000000000000e+05 1.000372584424375454e-02 5.476635024326818868e-03 1.723362688755783467e-02 8.148039051571229208e-03 1.084785612875732372e-02 7.238417326929647011e-03 1.169222813599736684e-02 6.475241256459694263e-03 1.544319101025549458e-02 6.673762604163736151e-03 9.376781131605959468e-03 4.831006922260360631e-03
2.010000000000000000e+05 8.470574520388282624e-03 4.179425639124497750e-03 1.011577522480816387e-02 4.532069620968894909e-03 6.307932056023305388e-03 3.771544048063638077e-03 1.013492865223934378e-02 5.035321745409292171e-03 1.210816820583972622e-02 5.232024828117957070e-03 7.490082465124297921e-03 4.318428214332387799e-03
2.020000000000000000e+05 8.462643420708836420e-03 4.241848519903147763e-03 1.031474568572367245e-02 4.772531394300766512e-03 6.366073958622964733e-03 4.062851287893083641e-03 1.010993871669026850e-02 5.112184374044948312e-03 1.190255214011253816e-02 5.367710518887688388e-03 7.251834650642656477e-03 4.429312301820697260e-03
2.030000000000000000e+05 8.115000964084307863e-03 4.202180856981888903e-03 9.969789522627361261e-03 4.506035975385160042e-03 6.271206002944010142e-03 3.584435610048388073e-03 9.712084820552548819e-03 5.061255984815795500e-03 1.193870034795195198e-02 5.237088292529474588e-03 7.453919564732342309e-03 4.127070621871208218e-03
2.040000000000000000e+05 2.443971071012264809e-02 1.536117291507403670e-02 1.980143899406247923e-02 2.181136708601863136e-02 9.293970755178898938e-03 5.896035882495265223e-03 2.829620579007425391e-02 1.797277954450704485e-02 2.371696361886680218e-02 2.212881018197776842e-02 1.104255494979649449e-02 5.564642295236202525e-03
2.050000000000000000e+05 1.448476454920994728e-02 1.599660585422913242e-02 1.335342978638611768e-02 8.224379054761560282e-03 1.229289770742670283e-02 1.611264119274885553e-02 1.668215029762368240e-02 1.891270217035998305e-02 1.600981692476069820e-02 9.557123704307812426e-03 1.428518221028240998e-02 1.796301387491607351e-02
2.060000000000000000e+05 1.157642184933538668e-02 7.241156397920848510e-03 2.342064440119760726e-02 1.467426810292178467e-02 1.412134359862536777e-02 1.499755902909658163e-02 1.333000219429161283e-02 8.507999507312203127e-03 1.731337453111675417e-02 9.183858417567841020e-03 9.293851394785324765e-03 6.974522428173768503e-03
2.070000000000000000e+05 7.532447752161546863e-03 4.402805338940816472e-03 9.858167130887347113e-03 4.493552181681267736e-03 6.207464330574612166e-03 3.513203907900806083e-03 8.985836319801708202e-03 5.295371063024768669e-03 1.173765707627147901e-02 5.074603297018922925e-03 7.352856039381290391e-03 3.884553215881579331e-03
2.080000000000000000e+05 7.444423943315495520e-03 4.395231846001578131e-03 9.550548198131702735e-03 4.292288539002880529e-03 5.988146144954900260e-03 3.527284708004853851e-03 8.909795619345654491e-03 5.287236429939480564e-03 1.143969087817650436e-02 4.981561558271802720e-03 7.119497317886440933e-03 4.069716814076262262e-03
2.090000000000000000e+05 7.123426455332768428e-03 4.185840958394226527e-03 9.164809939408243358e-03 4.309295484140523991e-03 5.755223305956812252e-03 3.201296570119828259e-03 8.528653561714198347e-03 5.039807532816184717e-03 1.098037992724472563e-02 5.010576368325786629e-03 6.847198343931543488e-03 3.677130575827976689e-03
2.100000000000000000e+05 6.990240556050408838e-03 4.145819621852973869e-03 8.994720282126977481e-03 4.288458816509624870e-03 5.536711092795410828e-03 3.110944077828505395e-03 8.370509860776909755e-03 4.991977634425140767e-03 1.076608908471442770e-02 4.984690212859451373e-03 6.575883763056302421e-03 3.566113969937988529e-03
2.110000000000000000e+05 1.331401848063691953e-02 1.173190664725892902e-02 1.282783964206529910e-02 8.849416507373151011e-03 8.211599226839949583e-03 8.965673424638918171e-03 1.594620457780577746e-02 1.384190326633705226e-02 1.529808337049059358e-02 1.016983862749190094e-02 9.597426535407365192e-03 1.058507553474557356e-02
2.120000000000000000e+05 8.883345085996655066e-03 5.765269469632157764e-03 1.098802701145985654e-02 5.778955739012396099e-03 7.224006556804382813e-03 3.221258384724193322e-03 1.064190878457149485e-02 6.903602347384621071e-03 1.305785576692610264e-02 6.769999473986720168e-03 8.070404972977207256e-03 3.690489016655436501e-03
2.130000000000000000e+05 6.504405241716612433e-03 4.235476515965941151e-03 8.739124748533172102e-03 4.218575820962269102e-03 5.434703106730660697e-03 2.850688131398092153e-03 7.788932903402676598e-03 5.096851649231011298e-03 1.048099407587266101e-02 4.904148917483520248e-03 6.470820763106083923e-03 3.267735162199695426e-03
2.140000000000000000e+05 7.449094925639975114e-03 5.193283134884612955e-03 9.076640850121088511e-03 4.346301077967737632e-03 5.888341399291807145e-03 3.984163250957982461e-03 8.881917091598247674e-03 6.185935727046811689e-03 1.089156977359060502e-02 5.052646901129360414e-03 6.886257984427070905e-03 4.601254015589427253e-03
2.150000000000000000e+05 6.301265060701021804e-03 4.106553783422830714e-03 8.383682218929671207e-03 4.134372783061226846e-03 5.072569858870702719e-03 2.771636992045496163e-03 7.548402514392227661e-03 4.943934665896162518e-03 1.005797499657071041e-02 4.806087704768364013e-03 6.037641329609062107e-03 3.177904441280849160e-03
2.160000000000000000e+05 6.149409035922418464e-03 4.188609767240852703e-03 8.235392393551739174e-03 4.137571938013270834e-03 5.118868237711226947e-03 2.820311443546807614e-03 7.367540900539344163e-03 5.040006559964777325e-03 9.880526721710757715e-03 4.814778173802128532e-03 6.095722595061676616e-03 3.229376504627244886e-03
2.170000000000000000e+05 6.188037584495405599e-03 4.333493789703087538e-03 8.227644318576173357e-03 4.153726639569900458e-03 5.229665388307012074e-03 3.188053698505031314e-03 7.414046386415701177e-03 5.206681920791661131e-03 9.879424018796593987e-03 4.829248318445040697e-03 6.234921214826114402e-03 3.689342065511364965e-03
2.180000000000000000e+05 5.921950816286312459e-03 4.124540466134260855e-03 8.108851637733748008e-03 4.065815965005394571e-03 5.036585391107391806e-03 2.627558258630516199e-03 7.096245330016610550e-03 4.965747996743090364e-03 9.733782950909286927e-03 4.728664104986469649e-03 5.997218538606420221e-03 3.015197191726915003e-03
2.190000000000000000e+05 6.888354708223014267e-03 4.890322100583883135e-03 8.319843594856967881e-03 5.217217565407744617e-03 5.001433068860354492e-03 2.838523089242985745e-03 8.193436230787901065e-03 5.879512770044982573e-03 9.997629228957295028e-03 6.004599856614199066e-03 5.943240264266715957e-03 3.165320825713954789e-03
2.200000000000000000e+05 5.682402968648575872e-03 4.114672635801412161e-03 7.794092478841213069e-03 4.073252819112302588e-03 4.662345496234618532e-03 2.532146635609854556e-03 6.810308019188559756e-03 4.955204860511626744e-03 9.358832373023968573e-03 4.737955990001831673e-03 5.550938455942815673e-03 2.894957266684502692e-03
2.210000000000000000e+05 5.600640320613800745e-03 4.115182910644834928e-03 7.799878731183353120e-03 4.114355518410162116e-03 4.841539739788697921e-03 2.569870983394277174e-03 6.712174916974888821e-03 4.945961740171716040e-03 9.312557573515426942e-03 4.689196544367528995e-03 5.692324183581474149e-03 2.808088738309855777e-03
2.220000000000000000e+05 7.078790282482047905e-03 5.208831931009253770e-03 8.276301225839076403e-03 5.499423008190697064e-03 5.072233717062727548e-03 2.684059904063717476e-03 8.368139510442611922e-03 6.259817903748811883e-03 9.928314912688990940e-03 6.455792536254811517e-03 5.817275615523379885e-03 3.096091298817440444e-03
2.230000000000000000e+05 5.347159984181432298e-03 4.051233716183398614e-03 7.525392383383904156e-03 3.962709178439069967e-03 4.476677326988335801e-03 2.387805685297823485e-03 6.406299619182756998e-03 4.877030327681185218e-03 9.030954788386528695e-03 4.569335251607322540e-03 5.322798427343549549e-03 2.678770513494815701e-03
2.240000000000000000e+05 5.262992233987010514e-03 4.225874388826985489e-03 7.534777795016538160e-03 4.134313437180767853e-03 4.562721171342458935e-03 2.825465181304784214e-03 6.307128002279751428e-03 5.091176427629469370e-03 8.986478528893372675e-03 4.655226870131317848e-03 5.342123236555930930e-03 3.046563888315334447e-03
2.250000000000000000e+05 5.428418831660603190e-03 4.169696717356834170e-03 7.680799045324568190e-03 4.224099651421357217e-03 4.911080986013439259e-03 2.958737472929878765e-03 6.506827698388810942e-03 5.010814857962216616e-03 8.995771985556637665e-03 4.387217161695890731e-03 5.570472914329247655e-03 2.778723580969420445e-03
2.260000000000000000e+05 5.089831151071534145e-03 4.042827612487523078e-03 7.331136872545741638e-03 3.862548667451207087e-03 4.348036848137658630e-03 2.364055435926547787e-03 6.094813518754271450e-03 4.874940062893608206e-03 8.815655563991119797e-03 4.501148929550433976e-03 5.171396784371228537e-03 2.714305694373826423e-03
2.270000000000000000e+05 5.002333260148814249e-03 4.045136654761879655e-03 7.272982383131606186e-03 3.992484542783482360e-03 4.356330953738065358e-03 2.659463157630904788e-03 5.993358333829127381e-03 4.876110898381914339e-03 8.694089439243584544e-03 4.556403821989223751e-03 5.094970070362595839e-03 2.886811136723170090e-03
2.280000000000000000e+05 4.876857884484065049e-03 3.947031519181869522e-03 7.051908344359035172e-03 3.840612930391174885e-03 4.120627829251865062e-03 2.285165913284020051e-03 5.844202664482311786e-03 4.763140184408660993e-03 8.475266728863147317e-03 4.454292518070849562e-03 4.896974056644809621e-03 2.585253687923426587e-03
2.290000000000000000e+05 1.592583456548155377e-02 1.344923944032526582e-02 2.056924938488105190e-02 2.249904499804143351e-02 7.521695990702326716e-03 1.776955481793667316e-02 1.831076457395704876e-02 1.605225788241680662e-02 2.323135898095667062e-02 1.646193852568572993e-02 8.498336741172989733e-03 7.996270207539160971e-03
2.300000000000000000e+05 5.597027267653028292e-03 5.692308215736568457e-03 8.587135456891730259e-03 4.679707221397309304e-03 4.735855501398082527e-03 2.693722351614043393e-03 6.645664993527423438e-03 6.846903229235028199e-03 1.030390058274983228e-02 5.494177735547413170e-03 5.516037428324483197e-03 3.126538743342059234e-03
2.310000000000000000e+05 5.805008868339892568e-03 6.774069301433032798e-03 1.008467800765985682e-02 6.515962935270594621e-03 7.027701800544215900e-03 6.264159323370614187e-03 6.957923049805745004e-03 8.141774634876712893e-03 1.151034514446831053e-02 6.050412498127437540e-03 7.324371022710341080e-03 5.701681403178885353e-03
2.320000000000000000e+05 6.515596682680578969e-03 5.170824949477049147e-03 1.026083107538077431e-02 1.096758559723264893e-02 5.977958976891453377e-03 1.356827594192629161e-02 7.662348637820353206e-03 5.882442571584618057e-03 1.170221980762991415e-02 7.207399237569934829e-03 6.735885442465568140e-03 7.494912389364782011e-03
2.330000000000000000e+05 7.649165544793144929e-03 7.693677311685193608e-03 1.897471012652371739e-02 2.729883984235316821e-02 1.069979711644931074e-02 3.531075441854916036e-02 8.960356230633457694e-03 8.095384343883453571e-03 1.973519544543724663e-02 1.031358983647378581e-02 9.909909286902588224e-03 8.577720921589194331e-03
2.340000000000000000e+05 6.865124610237892562e-03 5.920014161148076139e-03 1.366297864011626305e-02 1.181584939641172269e-02 6.258101639360934276e-03 1.408835402747500923e-02 7.962949841187456912e-03 6.563768280710213961e-03 1.521796670437813685e-02 7.188945100801725011e-03 6.656128256307943490e-03 4.665702588864906360e-03
2.350000000000000000e+05 4.375246946643315989e-03 3.846301841063821773e-03 6.773496699073833921e-03 3.767081872949874961e-03 3.963619245584404198e-03 2.215949505318377463e-03 5.223184567521344662e-03 4.645131142056648822e-03 8.132188109365565479e-03 4.162466947056366572e-03 4.725354207466178104e-03 2.295076544408993641e-03
2.360000000000000000e+05 4.225705014899577838e-03 3.712770788293859661e-03 6.389122995181995522e-03 3.564367411213526914e-03 3.654383023748979543e-03 2.009698529466057235e-03 5.061544269101696941e-03 4.487292265811655169e-03 7.675408143476813647e-03 4.095663562907816101e-03 4.351858786752550376e-03 2.242125826693747506e-03
2.370000000000000000e+05 4.111342566861923321e-03 3.880552885414980269e-03 6.376271202200321786e-03 3.738541568298294447e-03 3.705021997014357540e-03 2.140775923541449188e-03 4.922104282644600495e-03 4.683694093467661961e-03 7.660869798875218420e-03 4.186261536509668438e-03 4.415438044244251320e-03 2.242005236477777070e-03
2.380000000000000000e+05 4.053593839326298867e-03 3.674203585273425662e-03 6.104360199037775492e-03 3.502647037758404268e-03 3.479247799027579760e-03 2.036933494587548320e-03 4.856574408406147229e-03 4.446720589522138063e-03 7.338946066466267223e-03 4.060269727343545666e-03 4.138831521753003582e-03 2.289877072967369184e-03
2.390000000000000000e+05 6.357968451409259231e-03 1.012106360824542237e-02 1.254243358576609228e-02 1.130061045142827757e-02 9.733841001751923280e-03 1.108369887239527007e-02 7.501625296230433025e-03 1.212582531302119383e-02 1.398353908625370699e-02 8.307186163194051412e-03 8.815203364830886609e-03 7.170938785471678116e-03
2.400000000000000000e+05 8.524764142109345771e-03 8.005412124377032923e-03 1.113996557166134146e-02 8.268932412051949524e-03 4.433689682555274660e-03 3.466995414233898544e-03 1.005712659162783483e-02 9.643038201412846080e-03 1.332893766673133758e-02 9.139429522634318764e-03 4.920793930408177280e-03 3.480036959893445699e-03
2.410000000000000000e+05 3.841258234603724207e-03 4.580710829126285848e-03 6.425546524279133857e-03 4.649023078623353879e-03 4.004328503570317964e-03 3.433377659423922628e-03 4.575585705846074366e-03 5.535791547937441055e-03 7.621980586012958199e-03 4.584786539762264815e-03 4.432412618706097797e-03 2.985031375112273243e-03
2.420000000000000000e+05 3.799764500634528804e-03 3.502762619024537769e-03 5.909948383318612032e-03 3.572020967867277179e-03 3.404428174904626080e-03 2.098083193704088512e-03 4.550931533674728788e-03 4.237932366671384905e-03 7.087976481867934615e-03 3.862758342757328586e-03 4.046865366867618066e-03 2.074702123316238614e-03
2.430000000000000000e+05 3.869909552739270522e-03 3.512054475330211954e-03 6.244103793426976010e-03 3.662636603243870585e-03 3.724913004063090411e-03 1.834814744196607483e-03 4.621826146893452149e-03 4.255350787625462872e-03 7.453305551742017872e-03 3.897424921862876427e-03 4.430479313444997576e-03 1.769685214974558345e-03
2.440000000000000000e+05 3.702766150244297168e-03 3.442054331731888867e-03 5.412233722500436016e-03 3.399238472473445089e-03 3.378484749965390745e-03 1.983666301196312931e-03 4.430058723012055347e-03 4.174601223094692032e-03 6.483527721109236773e-03 3.921434581978014075e-03 3.988722726227364804e-03 2.259090627645889311e-03
2.450000000000000000e+05 1.700894275720597065e-02 1.592084619899792122e-02 2.257262763014878867e-02 3.827353067540215092e-02 9.858067584307203188e-03 4.080961115615564655e-02 2.019318961343980964e-02 1.878605871536440791e-02 2.694300222132840414e-02 2.116789509288965337e-02 1.173447864031802040e-02 1.708929167132848537e-02
2.460000000000000000e+05 6.541179112782844092e-03 6.240882517658469589e-03 8.315188503499701400e-03 1.031785495244002746e-02 3.606563444488618351e-03 7.655837322861814946e-03 7.744425222939750088e-03 7.517068410053933530e-03 9.961829691141572962e-03 8.704949437670235143e-03 4.194814282316927483e-03 4.554807251884066682e-03
2.470000000000000000e+05 3.290769360218708407e-03 3.394152127365813315e-03 5.485701238256884653e-03 3.621622906313398584e-03 3.117354451431372450e-03 2.136207825486056890e-03 3.938673250233070550e-03 4.092227572311851920e-03 6.574944309915671352e-03 3.721278076933934656e-03 3.703476424672131478e-03 1.789738970376480694e-03
2.480000000000000000e+05 9.679624511975853593e-03 9.748357357217333000e-03 9.424139793034603044e-03 1.263018182306107143e-02 5.251349981057937787e-03 9.670800957717174892e-03 1.157599296692873349e-02 1.173154942700452459e-02 1.129568080911842048e-02 1.098128024638437249e-02 6.240684443613112205e-03 7.681808801097410669e-03
2.490000000000000000e+05 3.258514803975787535e-03 3.516964473118512711e-03 5.113302865638690194e-03 5.023507888818294111e-03 3.042780159196247902e-03 4.160477308851493958e-03 3.902868813206158537e-03 4.263114653897423327e-03 6.135596583679420006e-03 4.287542992959256574e-03 3.604472035945561256e-03 2.772249553025565513e-03
2.500000000000000000e+05 9.438453130529560545e-03 9.021204252486113295e-03 1.274144994390806127e-02 1.104262126218863958e-02 4.664680279753350735e-03 5.593365380648569404e-03 1.116280077133540577e-02 1.086452512828705273e-02 1.503115161147205829e-02 1.114396573768404973e-02 4.888192628391795601e-03 4.493637377888895501e-03
2.510000000000000000e+05 6.139400999509810053e-02 5.967923439554532333e-02 5.986572898932483039e-02 6.910636104746833985e-02 1.571276052840613058e-02 2.146058912624797602e-02 7.252551919634264710e-02 7.151250309458664911e-02 6.918454288108050187e-02 7.708987859638279094e-02 1.212896438634679386e-02 2.086379769913004542e-02
2.520000000000000000e+05 2.985988468487854597e-03 3.401824954411033185e-03 4.736403475496067141e-03 3.393429268702380115e-03 2.779939042449767594e-03 1.872139269032649335e-03 3.574542783569032572e-03 4.129517212065909187e-03 5.681038723842933742e-03 3.746354574886851148e-03 3.304739740915462777e-03 1.938138224364870273e-03
2.530000000000000000e+05 5.195911121805155478e-03 5.518807651662644559e-03 6.080245989175393252e-03 5.779676114816526163e-03 3.179318551041560460e-03 3.195692533704602625e-03 6.212213797715052284e-03 6.654071135035248725e-03 7.222531581096175435e-03 6.277697832317733449e-03 3.679493711924118442e-03 3.247389511492957195e-03
2.540000000000000000e+05 1.736388500870906723e-02 1.733363695144483213e-02 1.798571701101400397e-02 1.927739683786727082e-02 5.939910647890235020e-03 5.717596941246913013e-03 2.057083742494144468e-02 2.078554742495608565e-02 2.059384785639727100e-02 2.219166976982292830e-02 4.965671717909982824e-03 6.175680537331688924e-03
2.550000000000000000e+05 3.456786444640289752e-03 3.639559881816737796e-03 5.932645628162350540e-03 5.632069250624276505e-03 3.288895843122922186e-03 4.645169171785036924e-03 4.131981947555961494e-03 4.391540697737800029e-03 7.092233337162238971e-03 4.140558340866283028e-03 3.901149619341752819e-03 2.579670154187466667e-03
2.560000000000000000e+05 2.648320552289840178e-03 3.040930965162904308e-03 4.235984083166317513e-03 2.911742823017224400e-03 2.443650005719165928e-03 1.414463013151218097e-03 3.171155886584782306e-03 3.700788116079148891e-03 5.075455225291787380e-03 3.364675816730969878e-03 2.906648665105906505e-03 1.577998595713907184e-03
2.570000000000000000e+05 1.178958227467531532e-02 1.202391628949898289e-02 1.480894671921920321e-02 1.189382203456696048e-02 5.458566334340976545e-03 5.420594925147326736e-03 1.399075740072380954e-02 1.446583461851161205e-02 1.711202329171754299e-02 1.326614190052920542e-02 5.151858496927152684e-03 5.817818050517229063e-03
2.580000000000000000e+05 2.491697414567244431e-03 3.019304356462715246e-03 4.135955317010453665e-03 2.775573819815827566e-03 2.307837223307809826e-03 1.352487966870166269e-03 2.983447260815267135e-03 3.674879813723015871e-03 4.953031204767224110e-03 3.218230663282300053e-03 2.737188265495961361e-03 1.525377894221793471e-03
2.590000000000000000e+05 4.687717680979366745e-03 4.714149725666685539e-03 5.352031932095897143e-03 4.058446168957441196e-03 3.020049535341511916e-03 4.438254471560516314e-03 5.504371253042388348e-03 5.679124372619304140e-03 6.300465377064055211e-03 4.744822012181931781e-03 3.220939361247837553e-03 5.205353372502843044e-03
2.600000000000000000e+05 1.484917210930522709e-02 1.557676093345788937e-02 1.590199679681447362e-02 1.658752654147084213e-02 5.533920766701348574e-03 4.752738571439795064e-03 1.759845968570425065e-02 1.866280616627384939e-02 1.800478289278874267e-02 1.947803117007980075e-02 4.431367989124612369e-03 5.460589769083352626e-03
2.610000000000000000e+05 5.435329492575166448e-03 7.598895791982885999e-03 9.033105015072550453e-03 5.941833452248677407e-03 4.045742767485034468e-03 4.787946309880102870e-03 6.345720197583864207e-03 8.991413549021731039e-03 1.046288300616986071e-02 7.018699428760400219e-03 3.896345015471889672e-03 5.500462866299325043e-03
2.620000000000000000e+05 2.522542012211883428e-03 3.060125944955653134e-03 3.854239665458902581e-03 2.969638046049220131e-03 2.105273266976282615e-03 1.450191659294844393e-03 3.013019010625246370e-03 3.726168976216575647e-03 4.588788319757378456e-03 3.422587659324427458e-03 2.444569206226306166e-03 1.596556566634567669e-03
2.630000000000000000e+05 2.798104995105089518e-03 3.130732746860059260e-03 5.117668458090147109e-03 4.071891671968835835e-03 2.731760669097910502e-03 3.374869978457822970e-03 3.351229021416197648e-03 3.683706358904882509e-03 6.129491340180373386e-03 3.561691022860585896e-03 3.257483215877047394e-03 1.726508384025622796e-03
2.640000000000000000e+05 2.929385461306044641e-03 4.836632259786403758e-03 8.085908271947082199e-03 1.862662908752210980e-02 5.685077954851980656e-03 2.366428966819865073e-02 3.498315699961999491e-03 5.692258447513116361e-03 9.309552458467304503e-03 8.715901891235977236e-03 6.724969735150596560e-03 1.029388051143587286e-02
2.650000000000000000e+05 2.128029543319110654e-03 2.683738432710804436e-03 3.667320540418806448e-03 2.517461342342761695e-03 2.086367568225180012e-03 1.152301013436884524e-03 2.545506165981586012e-03 3.265461492307625974e-03 4.387417402569396448e-03 2.863708869591035863e-03 2.477181429236395300e-03 1.243336476521577022e-03
2.660000000000000000e+05 4.063583592681979835e-03 4.098592675361781117e-03 4.857825182646845208e-03 5.421734899704433452e-03 2.693465913891432070e-03 2.519094096550655859e-03 4.807013422199586661e-03 4.947391650174963115e-03 5.749666886378255147e-03 5.547553980417516475e-03 2.873387065565534155e-03 2.005187616739487026e-03
2.670000000000000000e+05 4.497103749669226561e-03 8.038196520920493429e-03 7.507897190887595149e-03 1.903199037488836898e-02 7.293473993248006382e-03 2.151962573087570080e-02 5.371797935107307763e-03 9.695268275227202082e-03 8.973732882248681986e-03 1.045763141570039099e-02 8.727554642731439466e-03 1.294216566450110024e-02
2.680000000000000000e+05 2.827043263068044349e-03 3.812215268828642381e-03 5.052327665873353538e-03 3.528351588068149615e-03 2.607309597942398648e-03 1.879858217010563258e-03 3.318597551857391768e-03 4.605449047741394346e-03 5.966114432267878402e-03 4.094477768638927692e-03 2.827345623109434481e-03 2.128304718761324463e-03
2.690000000000000000e+05 1.958305141573019829e-03 2.678653932160692409e-03 3.311973795861197865e-03 2.515501585451054237e-03 1.840641258576560402e-03 1.054327193861231190e-03 2.343233304457498830e-03 3.263078276132395580e-03 3.967632719401450320e-03 2.909867156363523701e-03 2.188077060587590578e-03 1.183313083991440178e-03
2.700000000000000000e+05 2.452616999083914034e-03 2.940051439921300726e-03 3.853140986718328696e-03 2.677899037937984429e-03 2.021959985736229010e-03 1.497541748855380720e-03 2.932939862691531351e-03 3.580974641844533041e-03 4.590517684539192379e-03 3.103849878657802437e-03 2.345273013232385389e-03 1.687263918835830165e-03
2.710000000000000000e+05 5.798044752944872711e-03 5.895185851417658433e-03 6.190312924850197192e-03 4.445676970916499944e-03 2.745853253019640752e-03 6.673835984821008954e-03 6.866217033911329454e-03 7.026919423193529225e-03 7.238159112450495182e-03 5.189697418954726006e-03 2.868687567187262408e-03 7.485801159168850236e-03
2.720000000000000000e+05 2.027805626527043499e-03 2.484102845553192319e-03 3.086813703248481901e-03 2.474183596659415476e-03 1.851326062840458241e-03 1.314671781632387182e-03 2.419402489749341092e-03 3.034343478011107802e-03 3.691740541497954761e-03 2.862225823237652886e-03 2.180314170731326249e-03 1.501559229247564258e-03
2.730000000000000000e+05 1.887361359294611367e-03 2.444419899268180513e-03 3.401960838907790337e-03 2.582273332126492488e-03 1.911067057049534168e-03 1.387574548133441773e-03 2.256191218403574145e-03 2.978988106150297008e-03 4.028815520289829276e-03 2.717180480522987315e-03 2.232574154577515475e-03 1.297817760759618650e-03
2.740000000000000000e+05 3.030864813595497264e-03 3.330311400411893174e-03 4.020416081687319849e-03 3.714846436341906564e-03 2.209305110291117334e-03 2.240721712433672158e-03 3.577732611448245035e-03 4.038571892946716049e-03 4.795389579484351725e-03 3.799935948018761094e-03 2.462411648753973573e-03 1.989179728694872445e-03
2.750000000000000000e+05 2.123890301107729268e-03 2.663556120301936898e-03 3.227186689458729635e-03 2.726137035324416574e-03 1.760530465000324004e-03 1.941881873061992829e-03 2.526998853103094161e-03 3.245468501938780954e-03 3.839453412101992771e-03 3.109688964709023812e-03 2.037231828377592674e-03 2.132577922553524977e-03
2.760000000000000000e+05 3.571610338016286551e-02 4.123022763916803918e-02 4.183222598968141387e-02 6.715812373591205364e-02 1.333205306444591211e-02 3.641715013734226486e-02 4.209347587206707653e-02 4.887762088074962957e-02 4.902210670946256788e-02 5.700002210692229482e-02 1.094405175379912012e-02 1.034535741788352933e-02
2.770000000000000000e+05 1.861996639444802974e-03 2.480107784414186008e-03 2.878927701653937084e-03 2.393839172094890024e-03 1.755453385271478917e-03 1.823446800580858385e-03 2.226623866403233936e-03 3.026305998688394970e-03 3.446948173560839337e-03 2.739297465023031713e-03 2.080379277593945482e-03 1.996550670874240423e-03
2.780000000000000000e+05 1.815189656150161153e-03 2.394860327083932379e-03 2.861901124742977694e-03 2.250888346698015716e-03 1.629168528750674170e-03 1.239354301250254579e-03 2.166064246508242301e-03 2.924019557517179915e-03 3.426392144582528568e-03 2.592035999275303908e-03 1.922624075233740626e-03 1.418958653290524003e-03
2.790000000000000000e+05 2.245483335530417193e-03 3.644608578387876358e-03 4.209228059718585734e-03 3.778929807085344185e-03 2.255606248607135590e-03 2.095751212020306557e-03 2.640508646359705086e-03 4.392916307120727469e-03 5.007007862157540623e-03 3.857535287825340862e-03 2.504533968791084007e-03 2.000209601990219146e-03
2.800000000000000000e+05 1.324554075199149000e-02 1.363724511258913863e-02 1.537374490009483716e-02 1.311638441162104284e-02 5.140348774896573436e-03 5.882261207116991700e-03 1.572011955159187402e-02 1.629935478420131006e-02 1.767391660558865693e-02 1.525375199082487469e-02 4.427174694581407881e-03 5.926211343961971557e-03
2.810000000000000000e+05 1.548808939887839908e-03 2.301372933630196037e-03 2.720859014344256203e-03 2.105091211717757815e-03 1.473889951358205467e-03 9.094407554441040487e-04 1.851468120320033878e-03 2.806077207193571465e-03 3.259977620970108507e-03 2.422444180006293885e-03 1.750110519449796795e-03 1.023765942159619901e-03
2.820000000000000000e+05 1.481615240588265384e-03 2.276549500153775274e-03 2.723754507814265570e-03 2.092903343997606566e-03 1.465247733422050990e-03 8.195650161551318834e-04 1.771476084216222014e-03 2.772772255708223429e-03 3.263396049615655339e-03 2.407492054124299452e-03 1.744142762049286696e-03 9.168202226327060471e-04
2.830000000000000000e+05 2.236266713261109238e-03 2.605170304671067423e-03 4.045459441556121909e-03 3.831591163403035103e-03 2.520003026168096596e-03 2.916578436519370529e-03 2.655567198108344570e-03 3.168099677793047124e-03 4.589962059581748771e-03 3.106415403189969216e-03 2.691879748015324481e-03 2.067843455837361545e-03
2.840000000000000000e+05 2.037643894747099334e-03 2.964896929100084479e-03 3.752271622703755478e-03 3.511132573788182908e-03 1.749799761082312640e-03 1.837660593054830146e-03 2.416423644624706921e-03 3.602157292288379192e-03 4.488588757607190477e-03 3.407563074893856046e-03 2.012651959089900230e-03 1.210544727793808756e-03
2.850000000000000000e+05 1.532452004758777043e-03 2.208311036237668810e-03 2.696306048876563697e-03 2.048035591626765073e-03 1.510463718443468646e-03 1.029192682752850304e-03 1.831927802016150228e-03 2.693936405138958046e-03 3.208100673823536652e-03 2.308938789495266868e-03 1.779518223410787598e-03 1.143785455818690545e-03
2.860000000000000000e+05 1.949688966521206587e-03 2.951826513385509727e-03 2.735638472527549079e-03 2.797713653146658135e-03 1.937860321759785715e-03 2.568065064082713980e-03 2.331955109265251500e-03 3.576727054060150485e-03 3.272953608676477597e-03 3.089885254835894688e-03 2.302497402502033576e-03 2.812313717361255780e-03
2.870000000000000000e+05 1.374283527366457159e-03 2.094112998841560214e-03 2.497248398446138152e-03 1.930473149956434030e-03 1.394927262017960513e-03 8.468496083174751644e-04 1.642504987792261758e-03 2.553483378746548502e-03 2.989891571304530322e-03 2.213996441794555126e-03 1.660241442326308410e-03 9.545174135690554082e-04
2.880000000000000000e+05 1.664216482205148687e-03 2.147618176754738026e-03 2.995080950560638239e-03 2.484725599853594875e-03 1.842060421072775137e-03 1.443954569995848595e-03 1.986197282460658471e-03 2.616997287313914660e-03 3.507865818902525853e-03 2.394625883415721704e-03 2.106670309924077444e-03 1.232846277817054416e-03
2.890000000000000000e+05 2.219394193080482126e-03 3.073502438030722029e-03 3.127824248376007230e-03 3.194395728449939739e-03 1.542411159543812015e-03 1.209253021563085713e-03 2.625812203289170157e-03 3.710511693682115759e-03 3.719147243791610501e-03 3.571524169069499686e-03 1.690837305993926100e-03 1.180177319582232341e-03
2.900000000000000000e+05 2.137436951591299185e-03 2.886510695764576279e-03 3.280865428389259826e-03 2.723883176433344790e-03 1.631785808741053039e-03 1.827397273211969026e-03 2.554118718231915969e-03 3.496357880882017353e-03 3.924499412285842315e-03 2.950206197731333399e-03 1.914374305272842315e-03 1.690403199412600843e-03
2.910000000000000000e+05 3.336523589408806577e-03 4.125731957424316580e-03 4.872652243349269441e-03 4.083935547453821334e-03 2.087987884912628333e-03 2.102033989335569744e-03 3.956680761008784381e-03 4.971828222373519957e-03 5.730537062777359657e-03 4.658062820201348819e-03 2.193444527550759277e-03 2.093566605851090046e-03
2.920000000000000000e+05 1.356990646677038934e-03 2.431927190549527506e-03 2.789413944971029947e-03 2.195609175666618680e-03 1.569031304701269018e-03 9.557826228784583027e-04 1.605502580302089555e-03 2.942755264949561446e-03 3.308795760986003170e-03 2.471431468779666189e-03 1.789268737505000971e-03 1.046878709181119430e-03
2.930000000000000000e+05 1.197240934023127744e-03 1.952613694600128028e-03 2.418602733626359913e-03 1.928042251656714818e-03 1.351251028860479255e-03 7.907981238321658756e-04 1.429878000291146325e-03 2.373605549727155709e-03 2.864060539721525155e-03 2.161469474014545561e-03 1.579412667914266519e-03 8.319269625510168414e-04
2.940000000000000000e+05 6.584733342893854535e-03 7.767692363732288732e-03 7.243138776804483245e-03 7.934466075440521279e-03 2.853005505670275655e-03 2.546599732179254810e-03 7.771451497087369063e-03 9.236846664298746165e-03 8.372303742932924592e-03 9.238421473858031072e-03 2.506388698540335403e-03 2.524251422349343792e-03
2.950000000000000000e+05 1.113715781554148370e-03 2.015276451307397576e-03 2.325901767486661473e-03 1.844629659944475994e-03 1.207112500739390042e-03 7.493704457132029616e-04 1.329103629568677888e-03 2.447793643842096148e-03 2.785560739895730480e-03 2.028436750593760971e-03 1.436966477106538763e-03 7.515908159077730986e-04
2.960000000000000000e+05 1.430461659896247514e-03 2.462855856566336862e-03 3.003779453013452963e-03 2.373446244876778553e-03 1.552451713958771925e-03 9.648551721694988495e-04 1.679296591960977676e-03 2.975487099454225855e-03 3.575265894581348882e-03 2.652771040099529114e-03 1.751852265636321673e-03 1.025017906508364062e-03
2.970000000000000000e+05 1.288584027745121258e-03 1.910162523591947981e-03 2.201844044962733733e-03 1.831297232112411065e-03 1.259967996271317905e-03 9.291441485521556229e-04 1.537794810256439514e-03 2.320524356326277102e-03 2.618815260082943495e-03 2.082362467996719431e-03 1.475731685525076249e-03 1.051872159268026638e-03
2.980000000000000000e+05 3.615595042463369720e-03 4.559623757464850886e-03 5.653498022415675943e-03 1.364601517303002005e-02 5.043670984523674489e-03 1.684074432754631423e-02 4.326134999702707477e-03 5.484930684344434260e-03 5.008406553154545575e-03 6.220474059010609909e-03 4.586349161636560021e-03 1.021773274328285734e-02
2.990000000000000000e+05 3.161793464662544101e-03 3.891948928816470026e-03 3.821899553838381536e-03 4.009577554520729961e-03 2.038731283115432797e-03 1.516876930584446642e-03 3.708542807630208372e-03 4.655765648128818920e-03 4.358923628002000020e-03 4.714541872576235269e-03 1.873588903749290281e-03 1.764451416850320968e-03
3.000000000000000000e+05 1.451699361975751544e-03 2.273141230678264475e-03 2.336581605453005341e-03 2.339692509646384977e-03 1.207282023438662096e-03 9.231958000291773728e-04 1.734125318293982523e-03 2.726731268253413873e-03 2.799273714416298815e-03 2.568931815943083057e-03 1.427543502769226293e-03 8.112687257417250429e-04
3.000000000000000000e+05 1.451699361975751544e-03 2.273141230678264475e-03 2.336581605453005341e-03 2.339692509646384977e-03 1.207282023438662096e-03 9.231958000291773728e-04 1.734125318293982523e-03 2.726731268253413873e-03 2.799273714416298815e-03 2.568931815943083057e-03 1.427543502769226293e-03 8.112687257417250429e-04
3.150000000000000000e+05 1.730513196986849078e-06 2.649593915789598248e-06 1.640911109025683303e-06 2.571047990065281092e-06 2.479444260226884519e-06 1.660253355254238740e-06 2.196219132614614501e-06 4.087685767661326467e-06 2.119276998187951077e-06 2.955761364898040176e-06 2.946397752679202439e-06 1.639911272302070564e-06
