# x
2.970594118823764729e-02
3.310662132426485382e-02
9.411882376475294576e-02
1.366273254650930136e-01
1.415283056611322254e-01
1.714342868573714707e-01
1.774354870974194920e-01
1.787357471494298855e-01
1.866373274654931080e-01
2.172434486897379391e-01
2.223444688937787628e-01
2.266453290658131670e-01
2.407481496299259949e-01
2.754550910182036461e-01
2.756551310262052579e-01
2.758551710342068697e-01
3.142628525705141174e-01
3.160632126425285127e-01
3.449689937987597266e-01
3.475695139027805691e-01
3.500700140028005780e-01
3.856771354270854268e-01
4.003800760152030347e-01
4.316863372674534793e-01
4.418883776755351267e-01
4.464892978595719208e-01
4.557911582316463428e-01
4.570914182836567363e-01
4.609921984396879169e-01
4.825965193038607715e-01
2.970594118823764729e-02
3.310662132426485382e-02
9.411882376475294576e-02
1.366273254650930136e-01
1.415283056611322254e-01
1.714342868573714707e-01
1.774354870974194920e-01
1.787357471494298855e-01
1.866373274654931080e-01
2.172434486897379391e-01
2.223444688937787628e-01
2.266453290658131670e-01
2.407481496299259949e-01
2.754550910182036461e-01
2.756551310262052579e-01
2.758551710342068697e-01
3.142628525705141174e-01
3.160632126425285127e-01
3.449689937987597266e-01
3.475695139027805691e-01
3.500700140028005780e-01
3.856771354270854268e-01
4.003800760152030347e-01
4.316863372674534793e-01
4.418883776755351267e-01
4.464892978595719208e-01
4.557911582316463428e-01
4.570914182836567363e-01
4.609921984396879169e-01
4.825965193038607715e-01
2.970594118823764729e-02
3.310662132426485382e-02
9.411882376475294576e-02
1.366273254650930136e-01
1.415283056611322254e-01
1.714342868573714707e-01
1.774354870974194920e-01
1.787357471494298855e-01
1.866373274654931080e-01
2.172434486897379391e-01
2.223444688937787628e-01
2.266453290658131670e-01
2.407481496299259949e-01
2.754550910182036461e-01
2.756551310262052579e-01
2.758551710342068697e-01
3.142628525705141174e-01
3.160632126425285127e-01
3.449689937987597266e-01
3.475695139027805691e-01
3.500700140028005780e-01
3.856771354270854268e-01
4.003800760152030347e-01
4.316863372674534793e-01
4.418883776755351267e-01
4.464892978595719208e-01
4.557911582316463428e-01
4.570914182836567363e-01
4.609921984396879169e-01
4.825965193038607715e-01
2.970594118823764729e-02
3.310662132426485382e-02
9.411882376475294576e-02
1.366273254650930136e-01
1.415283056611322254e-01
1.714342868573714707e-01
1.774354870974194920e-01
1.787357471494298855e-01
1.866373274654931080e-01
2.172434486897379391e-01
2.223444688937787628e-01
2.266453290658131670e-01
2.407481496299259949e-01
2.754550910182036461e-01
2.756551310262052579e-01
2.758551710342068697e-01
3.142628525705141174e-01
3.160632126425285127e-01
3.449689937987597266e-01
3.475695139027805691e-01
3.500700140028005780e-01
3.856771354270854268e-01
4.003800760152030347e-01
4.316863372674534793e-01
4.418883776755351267e-01
4.464892978595719208e-01
4.557911582316463428e-01
4.570914182836567363e-01
4.609921984396879169e-01
4.825965193038607715e-01
2.970594118823764729e-02
3.310662132426485382e-02
9.411882376475294576e-02
1.366273254650930136e-01
1.415283056611322254e-01
1.714342868573714707e-01
1.774354870974194920e-01
1.787357471494298855e-01
1.866373274654931080e-01
2.172434486897379391e-01
2.223444688937787628e-01
2.266453290658131670e-01
2.407481496299259949e-01
2.754550910182036461e-01
2.756551310262052579e-01
2.758551710342068697e-01
3.142628525705141174e-01
3.160632126425285127e-01
3.449689937987597266e-01
3.475695139027805691e-01
3.500700140028005780e-01
3.856771354270854268e-01
4.003800760152030347e-01
4.316863372674534793e-01
4.418883776755351267e-01
4.464892978595719208e-01
4.557911582316463428e-01
4.570914182836567363e-01
4.609921984396879169e-01
4.825965193038607715e-01
2.970594118823764729e-02
3.310662132426485382e-02
9.411882376475294576e-02
1.366273254650930136e-01
1.415283056611322254e-01
1.714342868573714707e-01
1.774354870974194920e-01
1.787357471494298855e-01
1.866373274654931080e-01
2.172434486897379391e-01
2.223444688937787628e-01
2.266453290658131670e-01
2.407481496299259949e-01
2.754550910182036461e-01
2.756551310262052579e-01
2.758551710342068697e-01
3.142628525705141174e-01
3.160632126425285127e-01
3.449689937987597266e-01
3.475695139027805691e-01
3.500700140028005780e-01
3.856771354270854268e-01
4.003800760152030347e-01
4.316863372674534793e-01
4.418883776755351267e-01
4.464892978595719208e-01
4.557911582316463428e-01
4.570914182836567363e-01
4.609921984396879169e-01
4.825965193038607715e-01
5.000000000000000000e-01
0.000000000000000000e+00
5.000000000000000000e-01
0.000000000000000000e+00
0.000000000000000000e+00
5.000000000000000000e-01
5.000000000000000000e-01
0.000000000000000000e+00
5.000000000000000000e-01
5.000000000000000000e-01
5.000000000000000000e-01
5.000000000000000000e-01
2.500000000000000000e-01
1.250000000000000000e-01
3.750000000000000000e-01
6.250000000000000000e-02
3.125000000000000000e-01
1.875000000000000000e-01
4.375000000000000000e-01
3.125000000000000000e-02
2.812500000000000000e-01
1.562500000000000000e-01
4.062500000000000000e-01
9.375000000000000000e-02
3.437500000000000000e-01
2.187500000000000000e-01
4.687500000000000000e-01
1.562500000000000000e-02
2.656250000000000000e-01
1.406250000000000000e-01
3.906250000000000000e-01
7.812500000000000000e-02
3.281250000000000000e-01
2.031250000000000000e-01
4.531250000000000000e-01
4.687500000000000000e-02
2.968750000000000000e-01
1.718750000000000000e-01
4.218750000000000000e-01
1.093750000000000000e-01
3.593750000000000000e-01
2.343750000000000000e-01
4.843750000000000000e-01
7.812500000000000000e-03
2.578125000000000000e-01
1.328125000000000000e-01
3.828125000000000000e-01
7.031250000000000000e-02
3.203125000000000000e-01
1.953125000000000000e-01
4.453125000000000000e-01
3.906250000000000000e-02
2.890625000000000000e-01
1.640625000000000000e-01
4.140625000000000000e-01
1.015625000000000000e-01
3.515625000000000000e-01
2.265625000000000000e-01
4.765625000000000000e-01
2.343750000000000000e-02
2.734375000000000000e-01
1.484375000000000000e-01
3.984375000000000000e-01
8.593750000000000000e-02
3.359375000000000000e-01
2.109375000000000000e-01
4.609375000000000000e-01
5.468750000000000000e-02
3.046875000000000000e-01
1.796875000000000000e-01
4.296875000000000000e-01
1.171875000000000000e-01
3.671875000000000000e-01
2.421875000000000000e-01
4.921875000000000000e-01
3.906250000000000000e-03
