# step, loss_train, loss_test, metrics_test
0.000000000000000000e+00 3.265259462974603366e+02 2.231916978100502149e+02 2.860488046560458315e+02 1.292584004105429756e+02 2.493417103933148482e+01 4.318815056262835697e+02 1.712037853157465861e+02 2.577416641832570576e+02 2.475763132704192060e+02 1.518847024683488769e+02 2.652064285724593873e+01 4.502743684600769711e+02
1.000000000000000000e+03 2.627195284607166670e+01 1.399160524652729087e+01 2.501043224928683273e+01 1.722636871757886823e+00 1.508134225725102695e+00 1.147841818796332980e+01 1.440339779445565860e+01 1.532851033930537454e+01 1.259354834300156689e+01 5.987692780955083949e-01 1.760222565076124290e+00 1.367752412778086679e+01
2.000000000000000000e+03 1.236814176457503400e+01 7.865759022731046102e+00 1.247795192162313604e+01 2.071686147372403752e+00 1.033124489272102986e+00 6.494549053080843848e+00 8.033400998645497282e+00 8.251496691897628466e+00 6.066728459801153939e+00 1.352404242022324787e+00 1.123406468528569846e+00 7.714897567990516514e+00
3.000000000000000000e+03 2.474538665314560237e+00 1.167978197749751423e+00 2.620814542151578941e+00 8.555959687100785915e-01 1.350422621033519066e+00 2.348769825727885507e+00 1.866707022965812479e+00 9.952856007843198238e-01 1.581791821667723585e+00 7.120668446749607305e-01 1.071541848651089701e+00 2.520566508576855824e+00
4.000000000000000000e+03 4.791371987980024283e-01 2.488357738998821234e-01 9.831769800836372974e-01 3.697588608326315418e-01 6.543959375385580701e-01 8.421951083782456271e-01 5.138602872309571135e-01 2.825445088922217129e-01 7.872556619419381896e-01 3.631224415359593505e-01 5.624038341459284274e-01 9.778148502791712549e-01
5.000000000000000000e+03 2.215114806251578528e-01 1.359312822081499283e-01 4.660367915808694694e-01 2.318223901059004444e-01 3.817896404088819140e-01 4.640000977232514590e-01 2.586230903113593271e-01 1.567054784605479423e-01 4.007494040548130743e-01 2.356241154210405031e-01 3.164727487789329441e-01 5.287335402702230125e-01
6.000000000000000000e+03 1.934295039203507149e-01 1.081560186048589473e-01 2.709141403130609915e-01 1.712027832213209866e-01 2.566792385036447688e-01 2.934070471335363806e-01 2.216477007564834900e-01 1.204828636746412412e-01 2.363318626344404483e-01 1.749229820936595292e-01 2.235081090258046188e-01 3.252257517243047902e-01
7.000000000000000000e+03 1.930371820461011800e-01 7.960579502401143870e-02 2.126431112256826073e-01 1.306620344885392748e-01 1.935684758973155173e-01 1.989032379156446817e-01 1.902089797539811000e-01 8.718827191761395479e-02 1.562835194103666669e-01 1.317545177527058575e-01 1.818277847096908262e-01 2.201169962470473362e-01
8.000000000000000000e+03 1.164530687483253807e-01 4.924788578585267279e-02 9.675764380453399927e-02 9.859472571950823883e-02 1.437953631257030684e-01 1.314761196932019705e-01 1.366181588542876302e-01 5.794545692197947823e-02 8.199727718367207097e-02 9.905139618882749519e-02 1.432327025943761489e-01 1.434970394880151212e-01
9.000000000000000000e+03 1.129476326613841619e-01 4.178484664230402296e-02 7.254706609794962791e-02 8.557404825911890667e-02 1.218312070276014875e-01 1.001924747529008008e-01 1.323942517853974044e-01 4.950901565891342032e-02 6.256170717207132359e-02 8.595821536597192392e-02 1.285807002059790316e-01 1.096763478073832648e-01
1.000000000000000000e+04 1.053788850062774701e-01 3.647931066237822956e-02 5.824978020829583297e-02 7.476354750579387864e-02 1.051461632306801841e-01 7.901909124287538611e-02 1.238909027035913490e-01 4.335275638611214843e-02 5.130515514962967483e-02 7.502820712192334596e-02 1.155006867291938077e-01 8.681463979354553384e-02
1.100000000000000000e+04 4.038951129179199628e-01 2.226400145705794420e-01 3.349947397996043130e-01 8.280742269749578888e-02 1.201583941132890049e-01 1.582493596978479522e-01 2.910090057735481017e-01 1.350084624149799906e-01 2.247575133463743657e-01 7.969836196781449056e-02 1.373310210027542944e-01 1.387403123175488251e-01
1.200000000000000000e+04 1.030521061383701115e-01 3.297682297739247537e-02 4.907475467462081575e-02 6.382888528465742450e-02 9.002161541930436828e-02 5.760026768855029677e-02 1.220802012800103475e-01 3.937741018276363220e-02 4.588136981877330434e-02 6.434859604955059376e-02 1.032913534075786399e-01 6.442085342415861116e-02
1.300000000000000000e+04 9.454882478879829411e-02 3.037012120018855316e-02 4.425220944348948887e-02 5.744260846656886604e-02 8.121266246972623504e-02 4.926970164256793544e-02 1.118709048243912152e-01 3.631567712301271567e-02 4.209533849851856968e-02 5.772925312895876154e-02 9.441495007101793902e-02 5.540659848603903676e-02
1.400000000000000000e+04 2.746421108299023084e-01 1.391956058227642734e-01 1.801649285430155789e-01 6.249624122174592816e-02 8.571124188327376714e-02 9.680649627821917569e-02 2.213964487894928279e-01 8.435550544928205330e-02 1.357479479504043463e-01 6.375029269158954959e-02 1.002381328796645987e-01 7.887664572371867744e-02
1.500000000000000000e+04 9.055264035775789644e-02 2.819780889118487371e-02 4.065631333030445688e-02 5.008516711540886290e-02 7.128432973445560095e-02 3.907235719341865809e-02 1.077348034522819520e-01 3.374383096060690201e-02 4.059943633885369774e-02 5.052456401005597092e-02 8.427789665468481128e-02 4.462838783685690869e-02
1.600000000000000000e+04 9.084341504892289032e-02 2.853917824559729088e-02 4.241755085068275866e-02 4.858928518455556816e-02 6.875947477504604222e-02 3.717691680144191713e-02 1.078936647272948912e-01 3.390711138036842792e-02 4.295836531831223604e-02 4.931063836903849112e-02 8.159863029198731466e-02 4.254451924583348144e-02
1.700000000000000000e+04 9.190306935837196101e-02 2.996911908496954768e-02 4.599105410918245818e-02 4.816515274850153433e-02 6.771404163149565003e-02 3.680609815690488729e-02 1.099157242227326858e-01 3.543113940571733511e-02 4.887170889442929433e-02 4.921594564543816525e-02 8.057856881071824573e-02 4.239116540092387891e-02
1.800000000000000000e+04 8.438075048190464555e-02 2.714229219421043435e-02 4.112249565349786889e-02 4.343650773039202384e-02 6.084055153703437496e-02 3.243645562322274717e-02 1.009570893574508327e-01 3.249413008125280611e-02 4.346806465269281022e-02 4.410583760623703470e-02 7.260226879236006403e-02 3.761361022950283212e-02
1.900000000000000000e+04 6.699785874552674492e-02 2.604088589992493638e-02 3.867199917652158758e-02 3.827584667435940391e-02 5.197820281727386776e-02 3.197359056375450453e-02 8.023543114868543491e-02 3.103826140649199733e-02 4.113558559241788093e-02 3.826649671077250736e-02 6.230358425453353527e-02 3.721248904102953531e-02
2.000000000000000000e+04 4.194179490621564865e-02 2.091952082487470027e-02 2.937118786441974064e-02 2.758049555734205446e-02 3.717813885007627966e-02 2.587460963885121132e-02 4.999195216087806704e-02 2.454378814443507195e-02 2.987547953086623978e-02 2.595232878588317818e-02 4.470574301877947021e-02 3.006533169036359684e-02
2.100000000000000000e+04 2.988407608826723627e-01 1.506910702569614624e-01 1.911554090139120365e-01 1.196242247635249112e-01 5.773811990859347570e-02 5.820999449001591775e-02 3.131136772123499501e-01 1.517708944809170735e-01 1.769067483524726925e-01 1.349578854282119100e-01 6.841921707256520824e-02 6.205438082016313112e-02
2.200000000000000000e+04 3.972424865557611789e-02 1.740341365362104223e-02 3.600222765336778125e-02 2.276910678925428422e-02 2.623814631892393973e-02 1.884351057840782245e-02 4.087418004258392551e-02 2.005793990581499972e-02 2.836046511352228669e-02 2.075438985084666552e-02 3.106083511457622889e-02 2.171971388650714013e-02
2.300000000000000000e+04 2.391303587869310354e-02 1.076680797243451983e-02 1.741541614964058418e-02 1.696035034385693849e-02 2.121675566819223105e-02 1.691927337897115857e-02 2.882461811911014860e-02 1.306428180024104581e-02 1.802600889811243473e-02 1.487389145447356835e-02 2.541802698264991264e-02 2.043752461859228708e-02
2.400000000000000000e+04 3.174570700047156524e-02 1.391154495671684775e-02 2.223873828195534544e-02 1.706896122832672613e-02 2.300927338371969860e-02 1.706012855604333717e-02 3.620103716513038694e-02 1.469093650985859451e-02 2.384837384080565337e-02 1.549660684865012024e-02 2.571946369703260668e-02 2.027091653932511228e-02
2.500000000000000000e+04 2.256000739251787235e-02 9.414902539579392618e-03 1.889383892302145748e-02 1.432107463502849641e-02 1.826750000763430193e-02 1.504395927344096690e-02 2.690894183394972050e-02 1.139150962356411806e-02 1.967494994257580621e-02 1.255716612946001544e-02 2.166444962610568695e-02 1.849180390657936823e-02
2.600000000000000000e+04 2.194367159211224605e-02 8.875926261215296917e-03 1.779431135601114433e-02 1.386469635164400138e-02 1.693085941570385278e-02 1.442857860216988086e-02 2.647180141931503375e-02 1.074027248758108871e-02 1.928945331981449934e-02 1.235493265143749846e-02 2.014891437849935033e-02 1.779247651613864722e-02
2.700000000000000000e+04 4.233014895185521764e-02 2.526896622559760691e-02 3.105089580943840022e-02 2.105710917188715475e-02 2.598902367971083274e-02 1.695018148159498778e-02 4.074890963877710048e-02 2.022299886225593576e-02 3.091789289678192887e-02 2.119658203857978720e-02 2.758018598092306511e-02 1.922976761704654411e-02
2.800000000000000000e+04 3.415514043726443350e-02 4.987470362415430403e-02 4.127459830026534299e-02 2.333992017294773610e-02 3.010786308273727396e-02 2.961239747626520646e-02 3.821003819611022700e-02 2.906174599674301792e-02 3.683641513449332355e-02 2.429197750946036211e-02 2.922956751897799396e-02 2.101688297091296523e-02
2.900000000000000000e+04 2.051721657217524600e-02 7.876631773470055622e-03 1.618233381511674854e-02 1.234358776886693675e-02 1.380811349436349145e-02 1.323895922839307335e-02 2.476329289291180277e-02 9.522867536690298937e-03 1.779291986887999652e-02 1.130934775929048897e-02 1.636024996789923677e-02 1.642822287348057880e-02
3.000000000000000000e+04 2.990441391178574188e-02 1.335929522095386825e-02 2.182923444904023846e-02 1.436920702019346165e-02 1.867007897434095134e-02 1.564164987632061035e-02 3.335958077598231292e-02 1.519826124094471667e-02 2.467583582051598168e-02 1.345214775083415117e-02 2.112481045502935528e-02 1.920109526199806349e-02
3.100000000000000000e+04 2.632952487665703861e-02 1.330482595956575427e-02 4.592913690586501729e-02 2.031793334809512200e-02 2.841662047422919071e-02 1.377214860640231867e-02 2.979867109383335655e-02 1.492732177091611601e-02 2.140057919842834611e-02 1.715087313153963386e-02 1.920540617445411213e-02 1.625477754769531769e-02
3.200000000000000000e+04 6.880330802831671755e-02 2.865235992067503498e-02 1.051911563103138936e-01 1.399160217077426160e-02 2.859804396864136511e-02 2.854815979561228095e-02 6.577416169084261688e-02 2.628600412414560869e-02 5.658299857851264991e-02 1.378549742788463470e-02 2.520194647286035441e-02 3.009717158727606701e-02
3.300000000000000000e+04 2.190676887955207014e-02 8.416159336115988654e-03 2.930177938925271341e-02 1.289168594228460273e-02 1.859029352740787858e-02 1.235298407442587086e-02 2.533725450109037061e-02 9.694286270950348838e-03 2.159115688290897186e-02 1.153953099972721170e-02 1.628426787484824056e-02 1.528141987496118605e-02
3.400000000000000000e+04 1.967115090985078682e-02 7.337361611986815968e-03 1.670163168969856365e-02 1.076959689486503037e-02 1.234689247827239211e-02 1.196293583064888741e-02 2.373242646993995245e-02 8.842055127134280240e-03 1.878918734089539411e-02 1.022954300911866309e-02 1.455641652291460829e-02 1.474435213972805428e-02
3.500000000000000000e+04 2.353715754617500822e-01 1.077178421403149899e-01 1.431581275688329213e-01 3.322199150861194356e-02 5.239717645004531715e-02 7.638125410362635315e-02 2.397046126223588980e-01 1.054319935738127628e-01 1.234276122324751979e-01 3.644109680227947817e-02 6.201572542115676295e-02 8.389712818818673146e-02
3.600000000000000000e+04 2.089369612126237841e-02 7.895475210935306437e-03 1.646918303595847413e-02 1.037978730044620580e-02 1.201943582658591275e-02 1.203941500797487546e-02 2.513774496734992939e-02 9.267046808981696873e-03 1.868097327611781960e-02 1.002918736581440498e-02 1.408118765778529000e-02 1.477551657174890586e-02
3.700000000000000000e+04 1.910463964177357490e-02 7.314908481918591145e-03 1.627951468365101614e-02 9.942873337841627579e-03 1.164359064869494552e-02 1.157648772324850785e-02 2.303249915548639601e-02 8.812949060774817947e-03 1.851114948227512019e-02 9.598626874771474735e-03 1.372881972223013482e-02 1.426103549193061086e-02
3.800000000000000000e+04 1.911654321485416197e-02 7.298325929388475505e-03 1.625868193265775363e-02 9.864095123073794019e-03 1.141079249286515961e-02 1.158630171493405837e-02 2.304123107870041653e-02 8.790034109490947947e-03 1.852516918074218963e-02 9.594890589460001659e-03 1.343487864785427449e-02 1.423630296899770428e-02
3.900000000000000000e+04 2.035783554443063026e-02 1.221583172940497730e-02 1.992894346650606052e-02 1.109534714146592077e-02 1.664830963750908374e-02 1.355148340048261887e-02 2.362368639619415178e-02 1.196026524132843584e-02 2.270023535573623477e-02 1.050136908720309889e-02 1.673844801440476857e-02 1.568151055586022857e-02
4.000000000000000000e+04 1.917164839560394143e-02 7.528083000141450737e-03 1.878859406910212207e-02 9.617302416715250296e-03 1.246452524830502992e-02 1.152142207008773067e-02 2.291077793718324443e-02 9.065550389746155832e-03 2.116799323159448964e-02 9.366508891489266908e-03 1.463073175676511857e-02 1.403365678703131190e-02
4.100000000000000000e+04 1.545053739508083224e-01 9.408650341907376369e-02 6.795054564831316812e-02 3.838188902946230302e-02 5.132040996878865780e-02 5.874677972871315129e-02 1.697309779341509284e-01 1.025834074892211234e-01 7.987859785065060114e-02 4.143194479046533041e-02 5.084518210689174811e-02 6.932338249226634164e-02
4.200000000000000000e+04 2.101846554262410544e-02 8.325952623275170369e-03 3.661009980189903340e-02 1.197649035992986652e-02 2.255705265882025287e-02 1.151272860120789582e-02 2.421742320700883203e-02 9.625015369680267954e-03 2.286158578814898729e-02 1.064847878693231387e-02 1.549525103933294817e-02 1.385820205093680514e-02
4.300000000000000000e+04 1.852103639897585002e-02 7.172182990121830047e-03 1.554632014484001908e-02 8.989441823337575993e-03 1.035149302123820891e-02 1.097679169621059748e-02 2.232730882584202381e-02 8.610674767323571455e-03 1.778950116699300893e-02 8.954697996318525255e-03 1.215829966953862161e-02 1.340892238633869735e-02
4.400000000000000000e+04 1.858990870201338366e-02 7.336038531609830396e-03 1.619886585401189572e-02 9.061860007075461451e-03 1.081739789805175045e-02 1.109397086369772086e-02 2.239616520146948953e-02 8.817567607828874152e-03 1.867643224539370511e-02 9.089756689999454325e-03 1.274574806342981988e-02 1.353821245687650450e-02
4.500000000000000000e+04 1.812161501860862223e-02 7.175669501428776076e-03 1.555794063278389400e-02 8.917152477586318821e-03 1.036921092105990566e-02 1.076624134743409990e-02 2.182592428035467005e-02 8.615320485068777775e-03 1.730414270967586127e-02 8.933499375616488561e-03 1.191455054334202880e-02 1.309007406095973047e-02
4.600000000000000000e+04 1.909924768313349050e-02 7.541574530568238323e-03 1.775618095198432111e-02 8.936412576038254771e-03 1.207578023009044967e-02 1.111944628357216906e-02 2.252698617116925123e-02 8.982442485177866837e-03 2.054027649893837293e-02 9.034071145991976609e-03 1.414369365862821505e-02 1.343030550050996856e-02
4.700000000000000000e+04 1.822275124095162555e-02 7.281791486294151780e-03 1.642254501558021093e-02 8.556464431835863679e-03 1.080605901925419353e-02 1.065676856391713050e-02 2.194022734310078007e-02 8.744582424924150429e-03 1.855284794590187497e-02 8.594944692906147585e-03 1.252445823037210033e-02 1.287776237529416126e-02
4.800000000000000000e+04 2.017262154864240056e-02 1.093206920143600068e-02 1.881330364111014758e-02 9.865458409986970281e-03 1.321712674863259086e-02 1.270937354488926342e-02 2.243145610959926262e-02 1.138184412869201745e-02 2.163627766383657489e-02 1.023544231642257996e-02 1.525639745652909024e-02 1.471867378560936905e-02
4.900000000000000000e+04 2.060399262357620956e-02 7.722636530321844335e-03 1.824889698568192553e-02 8.576241812091198180e-03 1.037826790859254326e-02 1.096024650434807880e-02 2.450299761385298439e-02 8.920375877898340314e-03 2.024602112476683868e-02 8.806862848938133703e-03 1.222784420669928949e-02 1.315462721053558062e-02
5.000000000000000000e+04 1.847618713804517407e-02 9.006156850933238339e-03 1.886448105019745275e-02 8.951225496092217807e-03 1.337586413075072915e-02 1.141690632231584859e-02 2.221971458128882415e-02 1.043049940422207701e-02 2.157031617831366849e-02 9.090024009489957799e-03 1.516962741557578882e-02 1.352173106222091629e-02
5.100000000000000000e+04 1.809694052418219304e-02 7.326575468360518872e-03 1.591416120324272779e-02 8.379049035594320419e-03 1.008157684878543091e-02 1.065293599391190123e-02 2.177510399523106821e-02 8.790039143730972795e-03 1.850534376788100580e-02 8.628959770716679994e-03 1.188458586676807011e-02 1.291101667918279593e-02
5.200000000000000000e+04 2.003870478781333980e-02 8.404767076339593121e-03 1.739121707611258547e-02 8.068686986304014416e-03 1.032385358428414800e-02 1.127003782394341881e-02 2.357040204999378760e-02 9.884494342844961368e-03 1.947102189740747280e-02 8.318721194346859193e-03 1.218523375810636779e-02 1.360331432115853209e-02
5.300000000000000000e+04 2.593542452848384555e-02 1.235624723820499642e-02 1.086838041719931924e-01 2.186203684658012333e-02 6.838134121145121591e-02 1.314904572963972347e-02 2.752781337977664236e-02 1.378572162262307194e-02 3.616586343615147553e-02 1.616475150181511874e-02 2.479801413069919816e-02 1.365908109915068766e-02
5.400000000000000000e+04 1.796273828309076157e-02 7.364958260335742989e-03 1.611211155546135240e-02 8.202427314616195925e-03 1.013415931035070890e-02 1.059435751270905272e-02 2.161048947294803499e-02 8.827423959024359099e-03 1.879906717365355945e-02 8.529386329889466350e-03 1.196950504721672193e-02 1.281528982805593166e-02
5.500000000000000000e+04 7.544200593785478637e-02 3.122975947254505100e-02 5.141440699573991691e-02 1.352170798759881783e-02 1.975997601790211583e-02 3.171485230086589641e-02 8.119327496340095207e-02 3.291762648970490701e-02 4.908977687238766374e-02 1.496355940865270670e-02 2.352316205085359588e-02 3.480589563353769789e-02
5.600000000000000000e+04 2.112693970230188414e-02 9.624274717456476544e-03 2.948614845528479619e-02 8.839958100562440510e-03 1.467460936482347170e-02 1.187421195467234722e-02 2.347624176754393999e-02 1.076140268751748022e-02 2.203344828487047505e-02 9.160740504542075335e-03 1.352305705626390478e-02 1.388405739420846448e-02
5.700000000000000000e+04 5.684134467263657342e-02 1.623294384374912233e-02 5.382750257138165656e-02 1.570579725691733167e-02 1.966546405225998509e-02 1.200709903079029243e-02 4.513353009211013706e-02 1.690811158091838975e-02 4.550056965808680493e-02 1.757182521122291688e-02 2.324737433685903840e-02 1.428145696079535093e-02
5.800000000000000000e+04 2.562797862546680946e-02 1.058940942625041272e-02 2.721867058567440864e-02 8.700141534542323377e-03 1.871384166006653804e-02 1.441037016738841957e-02 2.808804396398668912e-02 1.201451179915099914e-02 2.932267331206117947e-02 9.140225737199442202e-03 2.179650324084235827e-02 1.715875627356821392e-02
5.900000000000000000e+04 3.762770385595125971e-02 1.444392236714409951e-02 4.472152927344312523e-02 1.881261269056906660e-02 2.247793256468395146e-02 1.534765172792834295e-02 3.666440407428694231e-02 1.485885183500666729e-02 3.090388054211853572e-02 1.681962080501951326e-02 2.224190842354677525e-02 1.453465340868503181e-02
6.000000000000000000e+04 2.328676827784430595e-02 9.179078790805853330e-03 1.990016658303618916e-02 8.042125501457320774e-03 1.057230453699950501e-02 1.170281673661597438e-02 2.722759352460957585e-02 1.032507441293878565e-02 2.128053181258213883e-02 8.553476970733777177e-03 1.238352421341665927e-02 1.365508309412880560e-02
6.100000000000000000e+04 1.890750741420204120e-02 7.548870866338723042e-03 1.751855410188309786e-02 8.525291972116117584e-03 9.959819780210727586e-03 1.116114271075616116e-02 2.271842732917450647e-02 9.054232870150826992e-03 2.057381270373789470e-02 9.101913623100166620e-03 1.177295209954528493e-02 1.340953414880179106e-02
6.200000000000000000e+04 1.784238413193351205e-02 7.537604591298417180e-03 1.731623217408198578e-02 7.679267991102255858e-03 1.092867831740944318e-02 1.043097732850502626e-02 2.133765068999384298e-02 9.038031830245405601e-03 2.020526318451778061e-02 8.123984812727826771e-03 1.295656609284628717e-02 1.252642960403220311e-02
6.300000000000000000e+04 2.241136537073494875e-02 1.449746802575676424e-02 3.497576920423664526e-02 1.617690469060972108e-02 3.339479645777983924e-02 2.134855098626742970e-02 2.666335454688807671e-02 1.213452731723972666e-02 3.288216045970215190e-02 1.540736084959991835e-02 3.341211281765325836e-02 1.727591561686365670e-02
6.400000000000000000e+04 1.760521311838501857e-02 7.692709237162633981e-03 1.686485075119957891e-02 7.611170547092453373e-03 1.101826148061577255e-02 1.016239497143803933e-02 2.098129378404187118e-02 9.145688583827115900e-03 1.965498785567814169e-02 8.092511149293350400e-03 1.304485358465694994e-02 1.217200768833456327e-02
6.500000000000000000e+04 1.707501972159880879e-02 7.448136922336107829e-03 1.581556567720822024e-02 7.405579688523046544e-03 1.033026366479107387e-02 9.839620680838261080e-03 2.051342209611648967e-02 8.923526214998133213e-03 1.858642388931912304e-02 7.884114455814286715e-03 1.224663915634897730e-02 1.181270077054949810e-02
6.600000000000000000e+04 1.828474424503708645e-02 7.424862500564291361e-03 1.721548163180460986e-02 8.074839958711948693e-03 9.959130217987293213e-03 1.069293251082615789e-02 2.195574687515710818e-02 8.901552056626654830e-03 2.026293049712161315e-02 8.682984345928507555e-03 1.178703806851282704e-02 1.281483329818581401e-02
6.700000000000000000e+04 1.754787179662400942e-02 7.248143867204970454e-03 1.526943076223146768e-02 7.557952141314720935e-03 9.028436579009150448e-03 1.015131431984581632e-02 2.108643567899886120e-02 8.680310421881134303e-03 1.792374704784997080e-02 8.118046577206947459e-03 1.067783065302856452e-02 1.218319648864954648e-02
6.800000000000000000e+04 1.721881954157160680e-02 7.161278356569205673e-03 1.461989793744089550e-02 7.167075667757795421e-03 8.785391430087271386e-03 9.720315759027736702e-03 2.069871824760075377e-02 8.567026969075545659e-03 1.709301176930107247e-02 7.688771563052025637e-03 1.038261279276665727e-02 1.164418485783852604e-02
6.900000000000000000e+04 1.733949087473281997e-02 7.299503168854551589e-03 1.503140140930723199e-02 7.293500685022409960e-03 8.971442044459926671e-03 9.925231030987651318e-03 2.080801519130670921e-02 8.715065729332447872e-03 1.766616737135109569e-02 7.848561401655840958e-03 1.061134020875180786e-02 1.191685457051379522e-02
7.000000000000000000e+04 1.722328753019854164e-02 7.137142905963767513e-03 1.509715366174978722e-02 7.339380387597767633e-03 9.007451494826851021e-03 9.868567173900824260e-03 2.069360325281149188e-02 8.544792099970355617e-03 1.774660483922443910e-02 7.925043889784185239e-03 1.065788066374022749e-02 1.183374931385393000e-02
7.100000000000000000e+04 1.752165793857374948e-02 7.397545934884256109e-03 1.608629348235847065e-02 7.349001905577045614e-03 9.758181675761973609e-03 1.003820161196393099e-02 2.102580842324943550e-02 8.858793281009908274e-03 1.894674181754539555e-02 7.931804827839800814e-03 1.157362347716277273e-02 1.199963443075044607e-02
7.200000000000000000e+04 1.718360031245543332e-02 7.145506889012514899e-03 1.517895020177756869e-02 7.287734976392670413e-03 9.078357074858350861e-03 9.859520719927574242e-03 2.063371878541665760e-02 8.553282554095096787e-03 1.786715049908195810e-02 7.894537311370209212e-03 1.074351087128768735e-02 1.181208323657881656e-02
7.300000000000000000e+04 1.684079540559114616e-02 7.168261017234212745e-03 1.477985177095358059e-02 6.949599730128804519e-03 8.948628898995393890e-03 9.517092567662272656e-03 2.023437560431160659e-02 8.574924251262047020e-03 1.737740733879777552e-02 7.520360407883386160e-03 1.059943871756579073e-02 1.140453885759852050e-02
7.400000000000000000e+04 1.914237227467622052e-02 8.034588271064051906e-03 1.685482352445144896e-02 7.825648908393772682e-03 9.362154223560015254e-03 1.041139252048301281e-02 2.270345978183535909e-02 9.485117273628733761e-03 1.973804939344695614e-02 8.569763369677440776e-03 1.109474223273106998e-02 1.243650281903934708e-02
7.500000000000000000e+04 3.702512378545603361e-02 1.427162148633572686e-02 6.305001462986460636e-02 1.808923738324378847e-02 3.080206610514528431e-02 1.548481330858158742e-02 3.775725165443431092e-02 1.653779005085214901e-02 4.559266526622977184e-02 1.556816869545345032e-02 2.717996825804758210e-02 1.449140972820038564e-02
7.600000000000000000e+04 1.699873594218655193e-02 7.110568543075346248e-03 1.647936015102843821e-02 6.891549744643818247e-03 1.010748914779994491e-02 9.370188289062730130e-03 2.038937039711239546e-02 8.487334475058599254e-03 1.765782386124052639e-02 7.395813720499660147e-03 1.062860999259804783e-02 1.121767935360991689e-02
7.700000000000000000e+04 2.204794029941308312e-02 1.123118851295655356e-02 1.776744158574131843e-02 7.741321671480503805e-03 1.123445291584170870e-02 1.270018673966717519e-02 2.573595183404429193e-02 1.301737647639410189e-02 2.058434102622823739e-02 8.498501361456261075e-03 1.326121463437149664e-02 1.508559929749662618e-02
7.800000000000000000e+04 1.694644111270103906e-02 6.958744611321732165e-03 1.465346865199379164e-02 6.754584113177846544e-03 8.616697377123934062e-03 9.303937428407363375e-03 2.035675989358474991e-02 8.325792856915047863e-03 1.726845499244333490e-02 7.383484865971717132e-03 1.022084773084159549e-02 1.111748697023055669e-02
7.900000000000000000e+04 1.662807631335050385e-02 7.047842829483547296e-03 1.477729090301886650e-02 6.847810767340920153e-03 9.072049567303662812e-03 9.320607068496342129e-03 1.996778138744499664e-02 8.436203237636778068e-03 1.740767862102322178e-02 7.479951838982308414e-03 1.073337684067841857e-02 1.112873298731236610e-02
8.000000000000000000e+04 1.709475475766132277e-02 7.345433856728435761e-03 1.680639677968664286e-02 7.273336208903240230e-03 1.094634757112552051e-02 9.932197196169339701e-03 2.051487615157971539e-02 8.802841388392297975e-03 1.988728538963273687e-02 7.963055623430508739e-03 1.297755699518472403e-02 1.183540307643092364e-02
8.100000000000000000e+04 1.641727429555016327e-02 6.867300928351994897e-03 1.415459030076800587e-02 6.778234760424470089e-03 8.570091048677119794e-03 9.185393031236541161e-03 1.971551997668578166e-02 8.214874140112293777e-03 1.669378490627513451e-02 7.453159277203200497e-03 1.015047151493754865e-02 1.098242416109146934e-02
8.200000000000000000e+04 1.719309320207790259e-02 7.988904363558780100e-03 1.804172824403308881e-02 7.375363140182972232e-03 1.231058343291924553e-02 1.083725118030520566e-02 2.063448564077758132e-02 9.583140091016850715e-03 2.074244986807476793e-02 8.078001640551883689e-03 1.431672919206828515e-02 1.290442263353453085e-02
8.300000000000000000e+04 1.644262168957109915e-02 6.994381377913003010e-03 1.418555092751549139e-02 6.618684162268091004e-03 8.694356659581894617e-03 9.121918471889737048e-03 1.974258654605870467e-02 8.368848822413947619e-03 1.674706488347511499e-02 7.288131033315266988e-03 1.031435493693051014e-02 1.089706997368071299e-02
8.400000000000000000e+04 1.692112144811002902e-02 7.420697444669849090e-03 1.448092479426849391e-02 6.619580406263730898e-03 8.640319474185238421e-03 9.409073762577943936e-03 2.024873699658785026e-02 8.749911540221554096e-03 1.710223312169479107e-02 7.275199080722855906e-03 1.014660883441069299e-02 1.124544054895904900e-02
8.500000000000000000e+04 2.819328792863087796e-02 1.752304201393607014e-02 2.164903845396379256e-02 8.676558772648093956e-03 1.197502948470890831e-02 1.559802737662861066e-02 3.267123618991570749e-02 1.871041956936187953e-02 2.374255213482703158e-02 9.730060487851792395e-03 1.426142862515219524e-02 1.823648363325640342e-02
8.600000000000000000e+04 3.984441203289520311e-02 2.204652964674424370e-02 2.611399030848120598e-02 9.465981107992474386e-03 1.368163822901254968e-02 2.169475308709572017e-02 4.556405701939594127e-02 2.463621247205409481e-02 2.904084268464216315e-02 1.073458067035206777e-02 1.617866874363026175e-02 2.493931807913827431e-02
8.700000000000000000e+04 1.719805136074160218e-02 7.382501887207199714e-03 1.491053136018449278e-02 6.674239403347907371e-03 8.802747142240864575e-03 9.465761233898764559e-03 2.053477734049873049e-02 8.714163152116783176e-03 1.760866019253825784e-02 7.396116781434223207e-03 1.043127591241588097e-02 1.129651985332999660e-02
8.800000000000000000e+04 1.671625471152514766e-02 6.831262416962221966e-03 1.571376563185802877e-02 6.883336032268675027e-03 9.428621148550111325e-03 9.349576388101511065e-03 2.005675935370334131e-02 8.181910716895755137e-03 1.861603387017247979e-02 7.630909690179428322e-03 1.118135115450262854e-02 1.113652561946947353e-02
8.900000000000000000e+04 1.748345042013348463e-02 6.944161568676885006e-03 1.679977478623219736e-02 7.311728026701698989e-03 9.729476616479628553e-03 9.765922624125292911e-03 2.097624629276530206e-02 8.320777339787996038e-03 1.991823981127767082e-02 8.136663254989452004e-03 1.154066952416029843e-02 1.162592884636592071e-02
9.000000000000000000e+04 2.830691981886863939e-02 1.426210603511262297e-02 2.074761565739757091e-02 8.092687356024438547e-03 1.117621844470787461e-02 1.541232381576863875e-02 3.289133045640073305e-02 1.625412431830532828e-02 2.361823625421673872e-02 9.130469095809412919e-03 1.323673804967544915e-02 1.788084161166627467e-02
9.100000000000000000e+04 1.683395333670272345e-02 7.726331255890794142e-03 1.842553262677238540e-02 8.002387628933751995e-03 1.277133853253907721e-02 9.658128855772057583e-03 2.019474410345069304e-02 9.253457666256858366e-03 2.153170205971863954e-02 8.913560975925065646e-03 1.478872924449241809e-02 1.143852892869639919e-02
9.200000000000000000e+04 1.692265339769434204e-02 7.146623199855424262e-03 1.683198782657142900e-02 7.232683530099784548e-03 1.086544336117451978e-02 9.714427427839514989e-03 2.026746715913945937e-02 8.563435800219223668e-03 1.998658446191883473e-02 8.067701474524926336e-03 1.284812564963635009e-02 1.155171053404697307e-02
9.300000000000000000e+04 1.605879451379215589e-02 6.776678299518702764e-03 1.519904117722756416e-02 6.358890619783470928e-03 9.540538342137534766e-03 8.812206761072817127e-03 1.925956866195530082e-02 8.114134665169484006e-03 1.794255430304227128e-02 7.071397026790422410e-03 1.131241132919875991e-02 1.048899731931120238e-02
9.400000000000000000e+04 1.695731420777174883e-02 6.763118346389335872e-03 1.577210466111090767e-02 6.928469609410583228e-03 9.173731134617023331e-03 9.331469976340125289e-03 2.034076624369315911e-02 8.099667188056642805e-03 1.870476932507680878e-02 7.750895648568650875e-03 1.087414022737687690e-02 1.110604225601685875e-02
9.500000000000000000e+04 1.740986538633016584e-02 7.779744708146757275e-03 1.925733945746015141e-02 8.992815233108646458e-03 1.327782876812923056e-02 1.030429636916277945e-02 2.085982632133505377e-02 9.334501971334469711e-03 2.285049926808219514e-02 1.013859342231118212e-02 1.580150900774031017e-02 1.223315470838916286e-02
9.600000000000000000e+04 1.610362698733748196e-02 6.675622777531755106e-03 1.427410027049699597e-02 6.398373470318792326e-03 8.717368013962530429e-03 8.801384317683029826e-03 1.932613353266848105e-02 7.985854652205866266e-03 1.690658583793544500e-02 7.158378737109739529e-03 1.033872712863218718e-02 1.048115501188483928e-02
9.700000000000000000e+04 3.773881701353295343e-02 2.634844588422495873e-02 2.163855026891841060e-01 4.724981963146422659e-02 1.573642027261464016e-01 1.660215070597888254e-02 4.094882867470909377e-02 2.800155524932244552e-02 4.840726519956637525e-02 3.138205502407406811e-02 4.504912805605172654e-02 1.409735109286204893e-02
9.800000000000000000e+04 1.903058734555893375e-02 9.480151439419257087e-03 1.639007840166198382e-02 8.792836929314875108e-03 1.385223131627589914e-02 1.156180738369995062e-02 2.196247274422031756e-02 1.057556629998740623e-02 1.930358404005768497e-02 9.999110110791815248e-03 1.648640484586517616e-02 1.357894423283704730e-02
9.900000000000000000e+04 1.577873647909114677e-02 6.565524911389035954e-03 1.364781730760159482e-02 6.243827321340003622e-03 8.370385493934923496e-03 8.561023450222410638e-03 1.893516616023335417e-02 7.852413740675750695e-03 1.617603459720571082e-02 7.020803859071126675e-03 9.927076271564465315e-03 1.019859307906968715e-02
1.000000000000000000e+05 1.555511307508392754e-02 6.594428145978495186e-03 1.354515037803486095e-02 6.394759003006861113e-03 8.545235296883444895e-03 8.463218950561580620e-03 1.866941398998822957e-02 7.863412829106363605e-03 1.553365126408224293e-02 7.105839132744613124e-03 9.710674172096107198e-03 1.004801385397886132e-02
1.010000000000000000e+05 1.650189468189659781e-02 6.541843733645544799e-03 1.588178135694080437e-02 6.606507473067244410e-03 9.516850645441461004e-03 8.954032625881279753e-03 1.979418589120307895e-02 7.831300886699086791e-03 1.887499645251162345e-02 7.422167553628776851e-03 1.130214570368445401e-02 1.064187625307469812e-02
1.020000000000000000e+05 1.585720513678947133e-02 7.253637234943212733e-03 1.596206458062624650e-02 6.323326740741316149e-03 1.039080257381441545e-02 9.481621530144200213e-03 1.901590384243507029e-02 8.674618007113299792e-03 1.877257680929802358e-02 7.062284975629695358e-03 1.235373244661657280e-02 1.124135631281685845e-02
1.030000000000000000e+05 1.585582887818803854e-02 7.259704608700704061e-03 1.524363370067262358e-02 6.909286261858669023e-03 1.098738292450350540e-02 9.925738931750787558e-03 1.900427775612257425e-02 8.672492191317722476e-03 1.812218279041390503e-02 7.794560639750273447e-03 1.309791240610355158e-02 1.179391935574316576e-02
1.040000000000000000e+05 1.601202632869903539e-02 6.538548058697407975e-03 1.440704122771782440e-02 6.201913963543806245e-03 8.802461894674254092e-03 8.577287901781098858e-03 1.921042889131214029e-02 7.826355439993642332e-03 1.709772915845870697e-02 6.987312133323515285e-03 1.044711602228474805e-02 1.019810929878599108e-02
1.050000000000000000e+05 1.637328520196906431e-02 6.489256860052379679e-03 1.561832526478699329e-02 6.564506175216908157e-03 9.294692679958331191e-03 8.797325878443519251e-03 1.963877227831600791e-02 7.770640065177896599e-03 1.855695020603118431e-02 7.403400661760173654e-03 1.103252439515152623e-02 1.044852767340664901e-02
1.060000000000000000e+05 1.532757979559339068e-02 6.396602912055092405e-03 1.330820753977800253e-02 5.992551724348325719e-03 8.243460217686206931e-03 8.219508261921323541e-03 1.839181448016573295e-02 7.647411575459180967e-03 1.579391769538271081e-02 6.778848846067621857e-03 9.775867125917093309e-03 9.783527465649801899e-03
1.070000000000000000e+05 1.564643473248997219e-02 6.322176649556680676e-03 1.442711243717558454e-02 6.205312428087039929e-03 8.895021897744829348e-03 8.426555478604240076e-03 1.876480868569327387e-02 7.569206247564345957e-03 1.713799702962809715e-02 7.005602925443393456e-03 1.054354875907710827e-02 1.000811860189932713e-02
1.080000000000000000e+05 1.690968965761192530e-02 7.216081895757720660e-03 1.866585101426053439e-02 7.436490506567393528e-03 1.203476199779836622e-02 9.705754351802299562e-03 2.027438521465472696e-02 8.633334128692255957e-03 2.226700834325996692e-02 8.388118242125012711e-03 1.435341656511772250e-02 1.150298603512404060e-02
1.090000000000000000e+05 5.245714665180134517e-02 3.721494654913783812e-02 4.660251044948195837e-02 2.561934609592263906e-02 2.859624212872591970e-02 1.735020623951814139e-02 6.184672643991021013e-02 3.154224966540040281e-02 4.870001768570252770e-02 2.839736463640988098e-02 2.581106101401493824e-02 2.063903698344647999e-02
1.100000000000000000e+05 1.551324494551297069e-02 6.911744023618343440e-03 1.537382724540769553e-02 6.003495576554184789e-03 9.913114772937769992e-03 7.996393184479713701e-03 1.854417989722823706e-02 8.190562743104822657e-03 1.828374724496660206e-02 6.729011186579496664e-03 1.155665131434321577e-02 9.382291517841603867e-03
1.110000000000000000e+05 1.907708228383804896e-02 8.117882132850064159e-03 1.606565737369758731e-02 6.284733673705230304e-03 8.705658234637689286e-03 9.663938402524899218e-03 2.269628314973928807e-02 9.373635003308873961e-03 1.906359532269328444e-02 7.174254083988418351e-03 1.029426773267717345e-02 1.126702592677991666e-02
1.120000000000000000e+05 1.669326724492031094e-02 7.223359984887559905e-03 1.893110204396363655e-02 7.794476009265723440e-03 1.345599680380263168e-02 8.965168022135759293e-03 2.000007802467846513e-02 8.667467175092612164e-03 2.258033712876059834e-02 8.780050440384004617e-03 1.605809287101438859e-02 1.058476046034090984e-02
1.130000000000000000e+05 1.514145565176157164e-02 6.191611595715617103e-03 1.346973425669289667e-02 5.860686053078230547e-03 8.297110991308975780e-03 7.968003672443260341e-03 1.816340071288318272e-02 7.406854914872640361e-03 1.600868690767360755e-02 6.663124297130650249e-03 9.840649377706912546e-03 9.471139620561621134e-03
1.140000000000000000e+05 1.568369320929007341e-02 6.146322727337144576e-03 1.488467085781285115e-02 6.211574101988497597e-03 8.990471816452603321e-03 8.286102888633583435e-03 1.880870621757481029e-02 7.354120608706397368e-03 1.770307914652025430e-02 7.053162066728283462e-03 1.066283934405500358e-02 9.836277208835042182e-03
1.150000000000000000e+05 1.533388079518860359e-02 6.246909452854536131e-03 1.717525993497638279e-02 6.207307212940611774e-03 1.093954934809350868e-02 7.968827607362284973e-03 1.831570450352423135e-02 7.442514722017119604e-03 1.685330318069859154e-02 6.820860667421593457e-03 1.033376603045742248e-02 9.414571070241543535e-03
1.160000000000000000e+05 1.493528417939962542e-02 6.109308573458597375e-03 1.360738554869551746e-02 5.796914689976163243e-03 8.713696195089800159e-03 7.809738291726328954e-03 1.791385516880374812e-02 7.307860347114508368e-03 1.618317110490718677e-02 6.591999093218684803e-03 1.033717364805005270e-02 9.272707815621377553e-03
1.170000000000000000e+05 1.572602261575571994e-02 6.461782268352457559e-03 1.590414562529742643e-02 5.890922618316587860e-03 1.006968510284175777e-02 7.905670074171670600e-03 1.885169852056781115e-02 7.721942075730754002e-03 1.891116229310112543e-02 6.682224605702407130e-03 1.194348844330061360e-02 9.352074681594477190e-03
1.180000000000000000e+05 1.529400488383301365e-02 6.164882029777147762e-03 1.566867020582458567e-02 6.001731172228005895e-03 9.684743872993256675e-03 8.081706631944981720e-03 1.832593087207845181e-02 7.386423694371309183e-03 1.859424933513700862e-02 6.822394463064916995e-03 1.149861942707063565e-02 9.584663253834408564e-03
1.190000000000000000e+05 1.481992569248380756e-02 5.969012487339861277e-03 1.335205246394622139e-02 5.907501561425889183e-03 8.159806831612924707e-03 7.787388786219324142e-03 1.777014451690384772e-02 7.128326377951941378e-03 1.588459730461948272e-02 6.758736760588389576e-03 9.665320297461239482e-03 9.260959914221990677e-03
1.200000000000000000e+05 1.466000949148317870e-02 5.960452972122169853e-03 1.307412257619410337e-02 5.770613519279749366e-03 8.039776190578679788e-03 7.632216007132881785e-03 1.758456631837213707e-02 7.125847283408652706e-03 1.555473825011579811e-02 6.608065350803932550e-03 9.532277985812720109e-03 9.073680008237428735e-03
1.210000000000000000e+05 1.533915703345677985e-02 5.724115380104847009e-03 1.436330697625013558e-02 5.784576366856212550e-03 8.375347045286236566e-03 7.476425328947886376e-03 1.839094302085776331e-02 6.841168304208098717e-03 1.688043675902324223e-02 6.638833238094565999e-03 9.725763515202040868e-03 8.885510644134422126e-03
1.220000000000000000e+05 1.494870054703119344e-02 5.912537495638818877e-03 1.372121906232760292e-02 5.957416685001138378e-03 8.178956110074691796e-03 7.762924666880683527e-03 1.792662012561230603e-02 7.070242619619684574e-03 1.633224149073699352e-02 6.828302583325079715e-03 9.690275662224015138e-03 9.221779029812329082e-03
1.230000000000000000e+05 1.536031487528293459e-02 5.702013161826603033e-03 1.416895801727818816e-02 5.696751179934741484e-03 8.116557404832655184e-03 7.443890135655885712e-03 1.841880893507350653e-02 6.808896859889629165e-03 1.687658758748686316e-02 6.507439158183875999e-03 9.643065886633155059e-03 8.835640414437264528e-03
1.240000000000000000e+05 1.548792854280534904e-02 6.243421130795547003e-03 1.679375823869082296e-02 5.465143534716485930e-03 1.045933156772700136e-02 7.545687066062798168e-03 1.856901865874117583e-02 7.481191190622548878e-03 1.979626610041320539e-02 6.031159928136448252e-03 1.218681705513766610e-02 8.793346453445221103e-03
1.250000000000000000e+05 1.451621220731846504e-02 5.862590101117596923e-03 1.305171062381926990e-02 5.770225365482324446e-03 7.941401075876312887e-03 7.504936011606971706e-03 1.741004209112554518e-02 7.010482501462360523e-03 1.553896351298488833e-02 6.633257056985113718e-03 9.415573126221012806e-03 8.917799189590468883e-03
1.260000000000000000e+05 2.626804402028993721e-02 1.268547306594854790e-02 2.207966083585278377e-02 7.591602195445549747e-03 9.403220130211919700e-03 1.415723893868079362e-02 3.073647128405765372e-02 1.474054969791240878e-02 2.441485990946133319e-02 8.664240228808666594e-03 1.112597928523655078e-02 1.614595276120079151e-02
1.270000000000000000e+05 2.316646055709543559e-02 1.468444780069485915e-02 1.277182680196725095e-01 2.765948759252824171e-02 9.195108727335589427e-02 1.288762157023820402e-02 2.529740014934071107e-02 1.651999765259199240e-02 3.442824171088415541e-02 1.824514488465996814e-02 2.798391030543714852e-02 9.618645021177686660e-03
1.280000000000000000e+05 1.446338497745978946e-02 5.878394546931237606e-03 1.291910706189829811e-02 5.685405338918154972e-03 7.807999673864907814e-03 7.355365921565074246e-03 1.734837355636473927e-02 7.025530828891698651e-03 1.536951179551279342e-02 6.540376532054399325e-03 9.245705525394266183e-03 8.736008806250427500e-03
1.290000000000000000e+05 1.414760081411586476e-02 5.693816174633887194e-03 1.291890630183397705e-02 5.593965338517322035e-03 8.054782856429748214e-03 7.288179814532743869e-03 1.696766909222901035e-02 6.808421583850976511e-03 1.536789465714014785e-02 6.419701494289304679e-03 9.530004875592660782e-03 8.647956300937214430e-03
1.300000000000000000e+05 1.429388595220576832e-02 6.469425624151423256e-03 1.517629704786416754e-02 6.107628172855371872e-03 9.753699633472860328e-03 7.418752222611786455e-03 1.710022249009855375e-02 7.693951327318220360e-03 1.757452442151772806e-02 6.940914894008403183e-03 1.125822004922552924e-02 8.768211709809570209e-03
1.310000000000000000e+05 1.492268606383404493e-02 6.574701226047913530e-03 1.833147247292862131e-02 6.744711107841866969e-03 1.272483296977760560e-02 8.855389437733148308e-03 1.782464815094041491e-02 7.448005409325219282e-03 2.006482951587992489e-02 7.349482859709307279e-03 1.421604621651615351e-02 9.940701032584804350e-03
1.320000000000000000e+05 1.464531917033269626e-02 6.096107221118142808e-03 1.596177238529111406e-02 6.165363716611501135e-03 1.052263728868843735e-02 7.515148744541004511e-03 1.755450315332739153e-02 7.292716713776936296e-03 1.906018886414881028e-02 7.062087837120404124e-03 1.253364946872503362e-02 8.889840818615553364e-03
1.330000000000000000e+05 1.430876384393702482e-02 5.550268332277327743e-03 1.383125671405756665e-02 5.645346552110371181e-03 8.349286502405486171e-03 7.174603884410083246e-03 1.715573205930686143e-02 6.643113772506914309e-03 1.649057731054153278e-02 6.500025107137954311e-03 9.904678396803676815e-03 8.509225053023575583e-03
1.340000000000000000e+05 1.416144151426879973e-02 5.660024636733173610e-03 1.316290153171099236e-02 5.701719943661462398e-03 8.028672422619009819e-03 7.227466875982443799e-03 1.697469485918531168e-02 6.750563374393066252e-03 1.569000713026739990e-02 6.581744089374985326e-03 9.511655585837941462e-03 8.589411702969777795e-03
1.350000000000000000e+05 1.613102804769577306e-02 6.178419388673624633e-03 1.784909159187796079e-02 4.977000725734991721e-03 9.765535828854173331e-03 6.739548521991521775e-03 1.928841158275743442e-02 7.155608557682107025e-03 2.089965825971031727e-02 5.584404689007893552e-03 1.143156480076617902e-02 7.965212159218975838e-03
1.360000000000000000e+05 1.417520978734967789e-02 7.890316633867843280e-03 1.737109458051400504e-02 8.221288207384830002e-03 1.535673607866406241e-02 9.643131773656322264e-03 1.681993400728884480e-02 8.922714454651710370e-03 1.970262815212933324e-02 9.010126411084527775e-03 1.640992941040691697e-02 1.062541168693863225e-02
1.370000000000000000e+05 1.494747170444606955e-02 8.191445340841528935e-03 1.763860536319131200e-02 6.591890213193996734e-03 1.289113460292090965e-02 1.120702748694786879e-02 1.787794285033821734e-02 9.789927193980531642e-03 2.025984071352308902e-02 7.214805406057546444e-03 1.431337507438265426e-02 1.305571906710039677e-02
1.380000000000000000e+05 1.419236418164490122e-02 5.839073566209359960e-03 1.331585095790895762e-02 5.627336366696598577e-03 9.261022445634103234e-03 7.427056837968272485e-03 1.699495875649127685e-02 6.958579717754678935e-03 1.582274900153926231e-02 6.497948070983979030e-03 1.101774913766036257e-02 8.783215838666050268e-03
1.390000000000000000e+05 1.412249654638420004e-02 5.748514747838254571e-03 1.364004172762775004e-02 5.659281548862793269e-03 8.237114087832685810e-03 6.975197739248381948e-03 1.693415249642718501e-02 6.862745616168955225e-03 1.571375434925540576e-02 6.573147099957673753e-03 9.244481056770201960e-03 8.299105187127606142e-03
1.400000000000000000e+05 1.370234728398630510e-02 5.396000227842118191e-03 1.312693030406603817e-02 5.476765971929964220e-03 8.108578137810799197e-03 6.887207284754636762e-03 1.642879539961415378e-02 6.454219850941696202e-03 1.565962268724439832e-02 6.340064629455458532e-03 9.622341954902326883e-03 8.177003918980779024e-03
1.410000000000000000e+05 1.399842147976090682e-02 5.394574614882096698e-03 1.404092317226294379e-02 5.763010890401243022e-03 8.483964837938213696e-03 7.003321490084851025e-03 1.678097404539458104e-02 6.453800052403028953e-03 1.674609240885533215e-02 6.661446038406544125e-03 1.005811463762324928e-02 8.301690939644872785e-03
1.420000000000000000e+05 1.402807062571494873e-02 6.963513536730536052e-03 1.687665032106759611e-02 6.368812351151303952e-03 1.245670117251925640e-02 6.998251227843737404e-03 1.669926408421378711e-02 8.324157247311378405e-03 1.899720373876232632e-02 7.240720197607746975e-03 1.399279204976828367e-02 8.117260725953236167e-03
1.430000000000000000e+05 1.335778411028467998e-02 5.423895319411104095e-03 1.253079589986586494e-02 5.582082201764224615e-03 7.715295711891789927e-03 6.678221871460433140e-03 1.601718843009541232e-02 6.466330486834813950e-03 1.490035295833120471e-02 6.452953766588350945e-03 9.093521543063949955e-03 7.924838917530287880e-03
1.440000000000000000e+05 1.373304146073086457e-02 5.816312711046603239e-03 1.451548994441474380e-02 5.177839925658873389e-03 9.458472027160855916e-03 6.480939078668402319e-03 1.646199528008333857e-02 6.949189819919798436e-03 1.733838517168983379e-02 5.964050118383128207e-03 1.126335759821185667e-02 7.671151748616792006e-03
1.450000000000000000e+05 1.364895528907627588e-02 5.753127547544804009e-03 1.410910620534263499e-02 5.679202074274977176e-03 9.533204736007912586e-03 6.849905064777786316e-03 1.635951590136660791e-02 6.860258435469629261e-03 1.685025235045491815e-02 6.562549066478982028e-03 1.135093494152266194e-02 8.078593641507756870e-03
1.460000000000000000e+05 1.309523086072454483e-02 5.274674531362709938e-03 1.246002603203375143e-02 5.498009716895919247e-03 7.601704429176285582e-03 6.478794826868910540e-03 1.570331705572076617e-02 6.301878788672575504e-03 1.483637325439572489e-02 6.371868732121650780e-03 8.986754682018956511e-03 7.678465210305737004e-03
1.470000000000000000e+05 1.314864515749071018e-02 5.183337193813982759e-03 1.285872758917506499e-02 5.452422304498094445e-03 7.818239288270738274e-03 6.476970859807341940e-03 1.576454373524701497e-02 6.199060421057318512e-03 1.534379102452446304e-02 6.332828216153670031e-03 9.270215990980634410e-03 7.680866531765900146e-03
1.480000000000000000e+05 1.332784350754310718e-02 5.166293969382424779e-03 1.370089289011331389e-02 5.508417086312962681e-03 8.497687755262972251e-03 6.586918895210147097e-03 1.597552097221885403e-02 6.186686477745039978e-03 1.635549595852237026e-02 6.382220413023249363e-03 1.008387564334470819e-02 7.799057268068014699e-03
1.490000000000000000e+05 1.287774934458368534e-02 5.120305720847743818e-03 1.271266585831854097e-02 5.253736879983970411e-03 7.777753517153408735e-03 6.297487842926951379e-03 1.544072686952072462e-02 6.126007814761080805e-03 1.517706811882680619e-02 6.108420501471315683e-03 9.232901018865414394e-03 7.468583805806760720e-03
1.500000000000000000e+05 1.278639513122724683e-02 5.110100757986538351e-03 1.246638051971632986e-02 5.378329770372837840e-03 7.520348788314295402e-03 6.226154571157990932e-03 1.533051358403188409e-02 6.109076595923379829e-03 1.487516756091105535e-02 6.274049378229046466e-03 8.916378744153633656e-03 7.391965932435367106e-03
1.510000000000000000e+05 4.104800678852363327e-02 2.520216455280059609e-02 4.085864953401627253e-02 1.779390546081153004e-02 3.049343839237956058e-02 1.354017238919864689e-02 4.788704782676535959e-02 2.279708848008159261e-02 2.827746616928967019e-02 2.068702320078470019e-02 2.801861920243112203e-02 1.394870682871285350e-02
1.520000000000000000e+05 1.279640861431462565e-02 4.990925542199452225e-03 1.309179736226282441e-02 5.335249251990543257e-03 8.038938995849195454e-03 6.192520745283115573e-03 1.533871068232917599e-02 5.972638938741840070e-03 1.562980641268504889e-02 6.197335265961930427e-03 9.537471248544563893e-03 7.334180472498909829e-03
1.530000000000000000e+05 1.302861899451825470e-02 6.264786674537389972e-03 1.413194536122350416e-02 5.972064003705495130e-03 1.007291054625768234e-02 6.691306358616086643e-03 1.544309895002748435e-02 7.427391719603367547e-03 1.686245137125309476e-02 6.760675893324294590e-03 1.195352483752872702e-02 7.748977086092676166e-03
1.540000000000000000e+05 1.250296276895764870e-02 4.957220491925714602e-03 1.265655078464954057e-02 5.312367307428896707e-03 7.666972426055243366e-03 6.015849555966948890e-03 1.498959642567883332e-02 5.926899676344485855e-03 1.511046606542511619e-02 6.187554405503705758e-03 9.093888719796935222e-03 7.129476596767897294e-03
1.550000000000000000e+05 1.250558205305086351e-02 5.001736410216509748e-03 1.291065377046097737e-02 5.325354251343482510e-03 8.196993023359340144e-03 6.127514507209913530e-03 1.499188610411191815e-02 5.978488724319767911e-03 1.537699850681271962e-02 6.134297653749854091e-03 9.682839796176836641e-03 7.232755141172304315e-03
1.560000000000000000e+05 1.235813124178384952e-02 4.907850748582183280e-03 1.260507844148951728e-02 5.244710784704617774e-03 7.614370996473192668e-03 5.908904082899658038e-03 1.481599175202240326e-02 5.867837237935460276e-03 1.505230214592905014e-02 6.114835900152750837e-03 9.035301232437790292e-03 7.004082128708519553e-03
1.570000000000000000e+05 4.787938272742525009e-02 3.859378053379412810e-02 3.098293924055801618e-01 7.697778512535577433e-02 2.569677814242672387e-01 4.559503978463758794e-02 5.419712011637466825e-02 4.369265542321545959e-02 8.786707185603431780e-02 3.917522022085265926e-02 7.021369015444148265e-02 2.093030229406338955e-02
1.580000000000000000e+05 1.244865114131402627e-02 4.913659529837069960e-03 1.325277657135037410e-02 5.256546630397299427e-03 8.060684153487568393e-03 6.020500309546394403e-03 1.492029234612266171e-02 5.882953786304196894e-03 1.582967339878923671e-02 6.103972662472183924e-03 9.569434974349011122e-03 7.118709381692995761e-03
1.590000000000000000e+05 1.262536566420597792e-02 4.952305776869789580e-03 1.367244380786368681e-02 5.260141360657606506e-03 8.672532637029833555e-03 6.137989616850435259e-03 1.510732621035740936e-02 5.932348237772493149e-03 1.630470132373049857e-02 6.075399491983884612e-03 1.031571221895720945e-02 7.243423498782939132e-03
1.600000000000000000e+05 1.421949490365824117e-02 7.969993833413922812e-03 1.362011916294612185e-02 6.336228090019838111e-03 1.130348891730453310e-02 1.049028597875362699e-02 1.692187127467537425e-02 9.408426259722961135e-03 1.623791978153499641e-02 7.370635253576332188e-03 1.347997451857177800e-02 1.223444302715050343e-02
1.610000000000000000e+05 2.124625713090058307e-02 1.956077941915037102e-02 2.722163653144574896e-02 1.174844940889165079e-02 1.274243888524105237e-02 1.388640373921801695e-02 2.507764066416149837e-02 2.343041331433204713e-02 3.219380788522525905e-02 1.220557212129280526e-02 1.519040735120660325e-02 1.589173031987097667e-02
1.620000000000000000e+05 4.761493198787164483e-02 3.868297560282966951e-02 5.769892791916503977e-02 1.799926316280748423e-02 1.537619294088422676e-02 3.139247429203567696e-02 4.777483667707304454e-02 4.625623154945534415e-02 4.578669852784490041e-02 2.134292920835959700e-02 1.533041899039863307e-02 3.738451761478013557e-02
1.630000000000000000e+05 1.177145110312846632e-02 4.797464904707232289e-03 1.233969732795384307e-02 5.215627846368945005e-03 7.416172092893548277e-03 5.550019176533981663e-03 1.411228060258187117e-02 5.736629538625910400e-03 1.473915293074212762e-02 6.091302147365671577e-03 8.801729908414450756e-03 6.568183641528827464e-03
1.640000000000000000e+05 1.238430798119797942e-02 7.003544630478624605e-03 1.428630929101569122e-02 5.779139160986173154e-03 1.076683952523833400e-02 6.048096065350253188e-03 1.480081270867433102e-02 8.153032738312809488e-03 1.685749231024765565e-02 6.719089643160571813e-03 1.270760102243140982e-02 7.144787344556804629e-03
1.650000000000000000e+05 1.154052483866483715e-02 4.731058038225086082e-03 1.262444101392182737e-02 5.122936368399506023e-03 7.731101077803941880e-03 5.419253051353592997e-03 1.383356940559625839e-02 5.659357147631878353e-03 1.507704074355911174e-02 5.982976624841655940e-03 9.176774960024088393e-03 6.413495754904863407e-03
1.660000000000000000e+05 3.484489373825250258e-02 2.356735807325337911e-02 3.640568292711272858e-02 1.851462840782488323e-02 2.423800028197582376e-02 1.347953703024583338e-02 4.005711753937131470e-02 2.470650461771831466e-02 2.973177219175496960e-02 2.074320821457693864e-02 2.421503187470477880e-02 1.585070422995886810e-02
1.670000000000000000e+05 1.115286782303092673e-02 4.667665908665169679e-03 1.214378344930379210e-02 5.124611765831516529e-03 7.371653669809115871e-03 5.186211555963151851e-03 1.336988587682710720e-02 5.582274926252217204e-03 1.450538545113362089e-02 5.983233097764355767e-03 8.750499446841857043e-03 6.125906122402879905e-03
1.680000000000000000e+05 1.100185551629813928e-02 4.610248399396896582e-03 1.224935182863310344e-02 5.007324746336430654e-03 7.506119817640113066e-03 5.087420245074695396e-03 1.318577132037047385e-02 5.515581015459158562e-03 1.461974798578051862e-02 5.848239144886654625e-03 8.904556812817716882e-03 6.012754924411140879e-03
1.690000000000000000e+05 1.081677220850623192e-02 4.570155389603769609e-03 1.230573842028933641e-02 4.928403154289960619e-03 7.719448355321149521e-03 4.921940033667790426e-03 1.296144896333145669e-02 5.471929723178763777e-03 1.466993747326873071e-02 5.760276920597193900e-03 9.152832835588962240e-03 5.814722099948687814e-03
1.700000000000000000e+05 1.108147805443435857e-02 4.794241960959615134e-03 1.279512246077573606e-02 4.989233165643871919e-03 8.734997045944051935e-03 4.860562526473652563e-03 1.327157152536119489e-02 5.741291877008727722e-03 1.528534836389819178e-02 5.807003087584721411e-03 1.039635982959271482e-02 5.729670729528452480e-03
1.710000000000000000e+05 4.306368813833238995e-02 2.848088200905575865e-02 3.213655476276063017e-02 1.819964884278344255e-02 1.631432064519446404e-02 2.106307402610884186e-02 5.157796453572396217e-02 2.978801738532299570e-02 3.724246940792334121e-02 1.850936359104479387e-02 1.690741885481308882e-02 2.457296689410871926e-02
1.720000000000000000e+05 1.266984972481792135e-02 6.092009176261121810e-03 1.497612243561116489e-02 5.015037739758017830e-03 8.681131733815213372e-03 5.651392648608169651e-03 1.510851319646959977e-02 7.245399021609555748e-03 1.788698695318005627e-02 5.850455897372926033e-03 1.035239268844408839e-02 6.621493638864438779e-03
1.730000000000000000e+05 9.701000530629597107e-03 4.566146597635325870e-03 1.124773131945777660e-02 4.888494506465061035e-03 6.870379023515553463e-03 4.421377531040215914e-03 1.162934099928471937e-02 5.465531666028704445e-03 1.343986987878363279e-02 5.711084852487616041e-03 8.156900100792115887e-03 5.192427195314062126e-03
1.740000000000000000e+05 9.629803861330948553e-03 4.506083455622342943e-03 1.156129569379560698e-02 4.724527518987833678e-03 7.233052919524230427e-03 4.311260372309408048e-03 1.153047242300010017e-02 5.389798893781958498e-03 1.379094633018519180e-02 5.495945608291336916e-03 8.584454168072862962e-03 5.074190609938878174e-03
1.750000000000000000e+05 9.298709547085915253e-03 4.982461280227978503e-03 1.255075610412607554e-02 5.829584864679375478e-03 8.546610286619533287e-03 4.816397835446746545e-03 1.112852318366612352e-02 5.957780642808505403e-03 1.354836799739699699e-02 5.933313831533172135e-03 9.140346566924582514e-03 4.760097358957175208e-03
1.760000000000000000e+05 9.603737919786822438e-03 5.026234879424233172e-03 1.156345205431652881e-02 5.016962067132679434e-03 6.856531186522007819e-03 3.788657430660496376e-03 1.150297421281309095e-02 5.995746174537469261e-03 1.382230013891778617e-02 5.882163393119326303e-03 8.153140417571190859e-03 4.445879514923465649e-03
1.770000000000000000e+05 8.702470353431093764e-03 5.039504115270386324e-03 1.015843657567041050e-02 5.030886737338010999e-03 6.430773862832026184e-03 4.361835423516727435e-03 1.042806423257016703e-02 6.019758821324454681e-03 1.213856538414392200e-02 5.898666636385619874e-03 7.638064943973661355e-03 5.113296836285208431e-03
1.780000000000000000e+05 8.404023918170236071e-03 4.443776105908306406e-03 9.957502155892033677e-03 4.698555539313109021e-03 6.238340264156111252e-03 3.862673913095230997e-03 1.007437518819734139e-02 5.314468865263631721e-03 1.190893948411351350e-02 5.483276816312883210e-03 7.404573398712843355e-03 4.531228650643835676e-03
1.790000000000000000e+05 1.161402457692449659e-02 8.351484314234431175e-03 1.112155037024742735e-02 5.193926277959741780e-03 8.034341149343832839e-03 7.328684196540398779e-03 1.372932375001909358e-02 9.781964303384949738e-03 1.314305217421640228e-02 6.105895402183791551e-03 9.557351757199492731e-03 8.621080613591377076e-03
1.800000000000000000e+05 8.346129512338467532e-03 4.582399914566230928e-03 1.005825051619553719e-02 4.863458832012386261e-03 6.347987441932469166e-03 4.009852931024225110e-03 9.992341983386113929e-03 5.455668160281610356e-03 1.177783453290210877e-02 5.610392672821516019e-03 7.412918291952464052e-03 4.493550259546541178e-03
1.810000000000000000e+05 7.613454712088497944e-03 4.748092808790914214e-03 9.558479481552964105e-03 5.093025372902464272e-03 6.000187848876555562e-03 3.913402009347056835e-03 9.115299415174049971e-03 5.667485897616231227e-03 1.120264890630091881e-02 5.647905262252030795e-03 7.009438656253315358e-03 4.250160088571885292e-03
1.820000000000000000e+05 7.772179827219428093e-03 4.707255529943127174e-03 9.173004992036264127e-03 5.074548278640110890e-03 5.693399291914654804e-03 3.460389017494578182e-03 9.315785764563110777e-03 5.631751115952547855e-03 1.095837443262977391e-02 5.927784110762164375e-03 6.722074423805735922e-03 4.024042072572096146e-03
1.830000000000000000e+05 1.086276200211585934e-02 6.794409875999534582e-03 1.231957427396961936e-02 8.917216117992107782e-03 7.338378130897806051e-03 5.285712133695416419e-03 1.301384954676567188e-02 8.119465424650728833e-03 1.439940264801957415e-02 9.049663731167563452e-03 8.282542429509886367e-03 4.995350484230071803e-03
1.840000000000000000e+05 7.433729949235053439e-03 5.053262184380841529e-03 1.086329377989611253e-02 6.133690539417563370e-03 6.712645048400242738e-03 4.763498489598616548e-03 8.898313831457812031e-03 5.899511924092262424e-03 1.191606951522951319e-02 5.952834796831030575e-03 7.313605327287937136e-03 3.501673877817156489e-03
1.850000000000000000e+05 6.969034659228430344e-03 4.203968385234992979e-03 8.491411025655886194e-03 4.512229316905048623e-03 5.325576606469930967e-03 3.227356672169169518e-03 8.354366004022584571e-03 5.034482838837026596e-03 1.017596641989234468e-02 5.285807621162841655e-03 6.323430253885047210e-03 3.789331886094206639e-03
1.860000000000000000e+05 7.102582979548086387e-03 4.560998076518990932e-03 9.049250005684151069e-03 5.781020423369501345e-03 5.500800810932276325e-03 4.012239240996209010e-03 8.507376104551166857e-03 5.453418786665926651e-03 1.056462499775121487e-02 6.061922147952996179e-03 6.273089259384754049e-03 3.763186113062969105e-03
1.870000000000000000e+05 1.238401052829504051e-02 9.682081891633151360e-03 1.320345323933503311e-02 8.051655889383070239e-03 5.940502847837293710e-03 6.123095197300812247e-03 1.483682785854372257e-02 1.133658712462168837e-02 1.556394268596540849e-02 9.562722468146272678e-03 7.026990252904097289e-03 7.016819546628665603e-03
1.880000000000000000e+05 9.920668930134286106e-03 8.018937470634269690e-03 9.146126597334006125e-03 5.205032173106409477e-03 6.388641199381506555e-03 7.110106843180761041e-03 1.186229669714418747e-02 9.444512960717924011e-03 1.093853309207465201e-02 6.157418485770247384e-03 7.615495244549541978e-03 8.371743418145309243e-03
1.890000000000000000e+05 1.100595561260823974e-02 1.118304363693080686e-02 1.161786434939311718e-02 7.047404961833089905e-03 5.473272628177901569e-03 8.420687278109018070e-03 1.311011026292657061e-02 1.331186120867593886e-02 1.376982155983282226e-02 8.353134387275851919e-03 6.515046814955329814e-03 9.605083758663486571e-03
1.900000000000000000e+05 2.316215392059561146e-02 1.715881639347799359e-02 1.887233040296537254e-02 1.636654822257639641e-02 8.202449099102034416e-03 6.734711525568849722e-03 2.773504615584361163e-02 1.997594815034777621e-02 2.171890835235310707e-02 1.953338440575348375e-02 8.839681865037880143e-03 7.857159123916802879e-03
1.910000000000000000e+05 5.788331981415834743e-03 4.011695175461926256e-03 7.364883477887179501e-03 4.429157185888282604e-03 4.512448697322530948e-03 2.662069327787497646e-03 6.938240144699812061e-03 4.800498502379958211e-03 8.799842207083732534e-03 5.114424916848277214e-03 5.349376440311850653e-03 3.012606467134058136e-03
1.920000000000000000e+05 5.964022847672219123e-03 4.207791940945876559e-03 7.458121470773118253e-03 5.062321422442120182e-03 4.528905369004198461e-03 3.003556965396552304e-03 7.148195286039659389e-03 5.044840158629274735e-03 8.910497137091046710e-03 5.680835345690193883e-03 5.359616972943449104e-03 3.141378162516526070e-03
1.930000000000000000e+05 7.220119445887128104e-03 5.281816702799558942e-03 7.780519316466835873e-03 4.789856106549431058e-03 5.377412289250596382e-03 4.589729518442139770e-03 8.640821456917958249e-03 6.295486424560272666e-03 9.330022972175017887e-03 5.669699257391047978e-03 6.382168884562965105e-03 5.337121581201230598e-03
1.940000000000000000e+05 7.477861937515053146e-03 6.480467637174418434e-03 9.895126732183562659e-03 1.198626393125302309e-02 6.151863159763063492e-03 9.824985814546651972e-03 8.962979102498314782e-03 7.745809659584339604e-03 1.159260439226672372e-02 8.553558939574665634e-03 7.001219326695451439e-03 5.671805134675795938e-03
1.950000000000000000e+05 5.371298682931284485e-03 3.750614545301556284e-03 6.676114761270269399e-03 4.166764848529956253e-03 4.156619840210145668e-03 2.572313490351222417e-03 6.437754767521491200e-03 4.497213646524999241e-03 7.994173049144081417e-03 4.838013404769180362e-03 4.939428144032646968e-03 2.990382078288397229e-03
1.960000000000000000e+05 1.724229404528407686e-02 1.569340908443072821e-02 2.418311353842694800e-02 4.352390054199186536e-02 1.646160790653215453e-02 4.373651714007396885e-02 2.066833478241523678e-02 1.820486497231808137e-02 2.781136572561342460e-02 2.070394149084290453e-02 1.877947604034201426e-02 1.853548350448384896e-02
1.970000000000000000e+05 9.292754570440252618e-03 9.629213853993802072e-03 2.027825351823155792e-02 3.331268498778885978e-02 1.166469620100105131e-02 3.415368740980379708e-02 1.114162774221800177e-02 1.037533583242497906e-02 2.303705148455897217e-02 1.526685705947365516e-02 1.319904452960776395e-02 1.112714452727975138e-02
1.980000000000000000e+05 5.872137845591463533e-03 3.840045998947261979e-03 6.337550761990195722e-03 4.478267656505932268e-03 4.498809304307018267e-03 3.674691022322627149e-03 7.035612655526439670e-03 4.598008786335068022e-03 7.581485919512170185e-03 5.313466877092217627e-03 5.330758193592861904e-03 4.383790460982993353e-03
1.990000000000000000e+05 4.733336170030415409e-03 3.678327893865774700e-03 6.009715449918477150e-03 4.055817729534440426e-03 3.657765850070421060e-03 2.152325238518327990e-03 5.673038644396368770e-03 4.408355434351961602e-03 7.185450008946568656e-03 4.810436052407885722e-03 4.343598044296961662e-03 2.566177879659064989e-03
2.000000000000000000e+05 9.675468140216114329e-03 9.588935960432807756e-03 1.292528180971219860e-02 1.203217618822628211e-02 5.071400941836157021e-03 8.923421670857219559e-03 1.158171415156512146e-02 1.102561756597214733e-02 1.438153912476132501e-02 1.081887064144512398e-02 5.307444491493677925e-03 5.497397052420487443e-03
2.010000000000000000e+05 4.467804413966929011e-03 3.936293063008268305e-03 5.905753628962372333e-03 4.054761229778079852e-03 3.468751028282307438e-03 2.302365201840951732e-03 5.345646902294190657e-03 4.718170832891274008e-03 7.055870058751937020e-03 4.774859870231577992e-03 4.102800257510295402e-03 2.729493114370039417e-03
2.020000000000000000e+05 1.390023562241785200e-02 1.067805319074463695e-02 1.470510489648807831e-02 1.404519576208194606e-02 7.718900731722789892e-03 7.100025796325466765e-03 1.657381896500330701e-02 1.279343511416517441e-02 1.692952514937768813e-02 1.433976818767656626e-02 8.092597122845426524e-03 5.412993908801815544e-03
2.030000000000000000e+05 7.130264767532537400e-03 5.889261875843397609e-03 1.235403507086078184e-02 1.264785878663239951e-02 6.241140899471830407e-03 1.416142167639689552e-02 8.539488038886064100e-03 6.443397391109649021e-03 1.451922982099214735e-02 7.998866755230527731e-03 7.370457938648489193e-03 7.126018210633739206e-03
2.040000000000000000e+05 4.452811705789624756e-03 3.472581896537976429e-03 5.657280814164384990e-03 4.165857020081345681e-03 3.497241137672601943e-03 2.189633760659123653e-03 5.336899980196993000e-03 4.155417000436007792e-03 6.745134824239221866e-03 4.854669249472677584e-03 4.119888631877411875e-03 2.484196466636588024e-03
2.050000000000000000e+05 4.030177307059482246e-03 3.258635250899721749e-03 5.202997716460590512e-03 3.677515107691816960e-03 3.208548586939291309e-03 1.905690888582148431e-03 4.831457473143486135e-03 3.903602442322700976e-03 6.213699201944919599e-03 4.350733434485231504e-03 3.809927358942777256e-03 2.275525692048438551e-03
2.060000000000000000e+05 5.890243951468933890e-03 4.627845383174697055e-03 6.825556785553867599e-03 7.286596494986705488e-03 4.789587351742922647e-03 4.473476399000370606e-03 7.039596464812705214e-03 5.539650288717072081e-03 7.767981156130330210e-03 6.115466599649050858e-03 5.239356317274583910e-03 2.655703804630883333e-03
2.070000000000000000e+05 3.820418491825074061e-03 3.120992267413350528e-03 5.030552934963717325e-03 3.542079676705945680e-03 3.067232311889053677e-03 1.828523463476828181e-03 4.581215954789654918e-03 3.738116468012681222e-03 6.002311747247223925e-03 4.178673835007924720e-03 3.640678051594640075e-03 2.171764337816232959e-03
2.080000000000000000e+05 3.716260194919601603e-03 3.134144806591674694e-03 4.878366252842887552e-03 3.528480994787398361e-03 2.937915464655452714e-03 1.751897145182239367e-03 4.457458010800687681e-03 3.753737371638835203e-03 5.824542384379998577e-03 4.167885188200350782e-03 3.486750963597172372e-03 2.084636185018622339e-03
2.090000000000000000e+05 6.078885058333543742e-03 7.659739945047708103e-03 6.416595188806696604e-03 1.565556092951530739e-02 7.718474100630283094e-03 1.797677349045328707e-02 7.164422522037052626e-03 8.967623335748216643e-03 7.626353809008037422e-03 6.839778991053431512e-03 8.996638149644043195e-03 9.244707078862277397e-03
2.100000000000000000e+05 5.388613238570987181e-03 4.225245546389264431e-03 7.459213580737595294e-03 8.895238660809745221e-03 4.157858987222928793e-03 8.157943192658225276e-03 6.463805012947541027e-03 4.849856020950900348e-03 8.903914950881190379e-03 6.800334569334045946e-03 4.963224842013488035e-03 5.192800531215444916e-03
2.110000000000000000e+05 3.544197937809169096e-03 2.954169115132403590e-03 5.131185048933452689e-03 4.494072890008808836e-03 3.290360954031397271e-03 2.679488655559489341e-03 4.249995458277091957e-03 3.522126493206628739e-03 6.130596538749124615e-03 4.223164698115853925e-03 3.900490211110009629e-03 1.997824620498181523e-03
2.120000000000000000e+05 4.199969955446670143e-03 4.999823673058988345e-03 6.563279965230855301e-03 1.392893541592832643e-02 4.948836574805471310e-03 1.305148712618965472e-02 5.014376031351741592e-03 5.923867946350974342e-03 7.838528422048648622e-03 7.602234988922869190e-03 5.908667332399303654e-03 6.602061715023326352e-03
2.130000000000000000e+05 9.385216927977727691e-03 7.626877087435704299e-03 1.028270627673393174e-02 1.085493883827715576e-02 6.311381970297574515e-03 9.642006869442200367e-03 1.124259562468632456e-02 9.143221249296919900e-03 1.139940009817246372e-02 9.371039673028354680e-03 6.916117731848060723e-03 8.341965728257530466e-03
2.140000000000000000e+05 3.438099984769956569e-03 3.036051220885218217e-03 4.790328686704085903e-03 3.984361213464503518e-03 3.016840342741347689e-03 2.459282531119240302e-03 4.130422911322421953e-03 3.608984736770654012e-03 5.505247037739168132e-03 4.394581863476313723e-03 3.441632565862353527e-03 2.628079345770732538e-03
2.150000000000000000e+05 3.092384855985277122e-03 2.873465528465073311e-03 4.391017501579423492e-03 3.308361421272571629e-03 2.568301892961181825e-03 1.635703114620243922e-03 3.717353946485243976e-03 3.439777634728198152e-03 5.230255384341044728e-03 3.871827810218805236e-03 3.043078644014791858e-03 1.922532308970403316e-03
2.160000000000000000e+05 3.661298781023772462e-03 3.014793850081221114e-03 4.457978763794240122e-03 3.392700420881610175e-03 2.891609344956489868e-03 1.946040183999248356e-03 4.387867846743244253e-03 3.609868542952093459e-03 5.324882774998164134e-03 3.962821303673180404e-03 3.400606094473483752e-03 2.303573923711355834e-03
2.170000000000000000e+05 3.184516650757974934e-03 2.673743640849744491e-03 4.277140637781271827e-03 3.147990049679302155e-03 2.642451995091887884e-03 1.670655962933005308e-03 3.825360133870641006e-03 3.201036454416238564e-03 5.108815108564552371e-03 3.675522545088944111e-03 3.135777087021965771e-03 1.975604946985654552e-03
2.180000000000000000e+05 2.937933728549871251e-03 2.664909606770550932e-03 4.188266696816622149e-03 3.124774363187050614e-03 2.472366954507413794e-03 1.445808802685935547e-03 3.534950896624964190e-03 3.192139361388149962e-03 5.001082025591538881e-03 3.686085377997950184e-03 2.933389922558002003e-03 1.724524538311734663e-03
2.190000000000000000e+05 2.965711117760936634e-03 2.665934349023034011e-03 4.359491773075803087e-03 3.069273931191964649e-03 2.446683506923081914e-03 1.499550796531344673e-03 3.571883168888304472e-03 3.194209239436062060e-03 5.138115340945543889e-03 3.631513075279233643e-03 2.869290935483121557e-03 1.798772119034284730e-03
2.200000000000000000e+05 2.752968575848748194e-03 2.652878708518901976e-03 4.149864501254097761e-03 2.991140959927017853e-03 2.275701246036391980e-03 1.366082955682525971e-03 3.318807463549413705e-03 3.177540721201517308e-03 4.952074796695405713e-03 3.541704753903788042e-03 2.703098345724082741e-03 1.636011952723081782e-03
2.210000000000000000e+05 2.807528278887988765e-03 2.711746944035057713e-03 4.261596203214964261e-03 3.168098018384159480e-03 2.375079267385501319e-03 1.317674289206316029e-03 3.386124715899779900e-03 3.248062278979699929e-03 5.067857102019606569e-03 3.752165288208816202e-03 2.786458825104057464e-03 1.580535066434819551e-03
2.220000000000000000e+05 1.946996336503696926e-02 1.646867469965360153e-02 2.217358510757752588e-02 2.259967301051462804e-02 1.341280012823935219e-02 2.024807604524617860e-02 2.333371014141220195e-02 1.974082318698311758e-02 2.224552651203503054e-02 2.046495413914984837e-02 1.254539317012612169e-02 1.847049089664289448e-02
2.230000000000000000e+05 2.611113377307507696e-03 2.521229546994524159e-03 3.967196055653285022e-03 2.906611423656164754e-03 2.201149004545662358e-03 1.290645023749902205e-03 3.152800436974765273e-03 3.022237456187919571e-03 4.735324487728322963e-03 3.452024755843736709e-03 2.617711874965513667e-03 1.561358679427930036e-03
2.240000000000000000e+05 2.618537866885688008e-03 2.846292816231653280e-03 4.085812177902136029e-03 3.162650956079022298e-03 2.192410319124958335e-03 1.577449933330853224e-03 3.163779044591283167e-03 3.411723552604868301e-03 4.873814052980746277e-03 3.660631957362387844e-03 2.604297886332847169e-03 1.861960972162881841e-03
2.250000000000000000e+05 2.836836676396037836e-03 2.787898551533786115e-03 4.279989113485540946e-03 3.560908778816726603e-03 2.396133105182177581e-03 1.696090092245549231e-03 3.427299517242796741e-03 3.343199863108187175e-03 4.999619793431782366e-03 4.015542040811596707e-03 2.707477812144548027e-03 1.861694101731491613e-03
2.260000000000000000e+05 3.630029706710848590e-03 3.358594232133582658e-03 4.312084829611140951e-03 3.320508089905311721e-03 2.816330391713395363e-03 2.139002763201391499e-03 4.348896873956704413e-03 4.025799466735060367e-03 5.095856140554930712e-03 3.930646349213190796e-03 3.164068319980263121e-03 2.589198487101544450e-03
2.270000000000000000e+05 3.905804495372337901e-03 4.587130896990055176e-03 6.292365003854430948e-03 8.871838656671635417e-03 3.112269978890257888e-03 7.895582161870254995e-03 4.712394843341726272e-03 5.395599788393204942e-03 7.464833260064283188e-03 6.671735943253554943e-03 3.722596077427968875e-03 5.544156992271438364e-03
2.280000000000000000e+05 2.521751741838289176e-03 2.426370564094483106e-03 3.653489554206292185e-03 2.924164106099714881e-03 2.150821155724816965e-03 1.304439937063349127e-03 3.049471932533951313e-03 2.910984082165876674e-03 4.360154617554829089e-03 3.480106038621802542e-03 2.553468367040476715e-03 1.591730776426913182e-03
2.290000000000000000e+05 2.865223129489540260e-03 4.366696203794251212e-03 4.415933829082288424e-03 4.484398083982658184e-03 2.540402634056154567e-03 3.207343160827606961e-03 3.453664122391971944e-03 5.238116347164026819e-03 5.113562084282770315e-03 4.476260509052663872e-03 2.884824994878326665e-03 3.268244403209520470e-03
2.300000000000000000e+05 2.452679505231271893e-03 2.294582328352982696e-03 3.720506952751714488e-03 2.724214006734551261e-03 2.132379420833405235e-03 1.310750695204311936e-03 2.967406957012587356e-03 2.753204863742769563e-03 4.422081283147487676e-03 3.243205887060253249e-03 2.543221942129230556e-03 1.597318176231096254e-03
2.310000000000000000e+05 3.103321078602000807e-03 2.791258151142712949e-03 4.969644219256943822e-03 3.387684506902099036e-03 2.562910926693250189e-03 1.667020202864054508e-03 3.751511380641607985e-03 3.342847805644640763e-03 5.503361270948439049e-03 3.983588994891844835e-03 2.777748517905027047e-03 1.958443899333778705e-03
2.320000000000000000e+05 2.721543678880638650e-03 2.449607267932852033e-03 3.794777505210910479e-03 2.773561511926818986e-03 2.262983251752288382e-03 1.623044986638721163e-03 3.283103462540859670e-03 2.931737422916651584e-03 4.526460620492151095e-03 3.306424698842889021e-03 2.684604689191887310e-03 1.980318285713347087e-03
2.330000000000000000e+05 2.262595685095530711e-03 2.629220686145022998e-03 3.767509273375167604e-03 3.659508988055111371e-03 2.111843442774044826e-03 2.105720277947809027e-03 2.748411673237918188e-03 3.155047845327808419e-03 4.491730043324353855e-03 3.737081621713009803e-03 2.515941124683830372e-03 2.036694737617415849e-03
2.340000000000000000e+05 6.412207889367302523e-03 5.612000657942998495e-03 8.359257945297069933e-03 5.993831593353446049e-03 4.696014623345038004e-03 4.415926060889389590e-03 7.715888672593615959e-03 6.696108668470470912e-03 8.615249101272003107e-03 6.781289346801721261e-03 4.618798369893630830e-03 5.081101661905817676e-03
2.350000000000000000e+05 3.760873380284806763e-03 4.019918155774513877e-03 5.930979297391260341e-03 1.221667528571490635e-02 4.474300103732072043e-03 1.102328447127527700e-02 4.542072373252362474e-03 4.786281611827654381e-03 7.002014890848640497e-03 7.821268062717370503e-03 4.992684894814969354e-03 6.759134764286839521e-03
2.360000000000000000e+05 2.192416590590050805e-03 2.721846002749133374e-03 3.502017577923188536e-03 3.636781107152816956e-03 2.000350988319788553e-03 2.143255242743357259e-03 2.667925122407542680e-03 3.269262147452153128e-03 4.174094007136679857e-03 3.677075325203778972e-03 2.391412886926506075e-03 2.093535303680033044e-03
2.370000000000000000e+05 5.356530298842148916e-03 6.642426942868307621e-03 6.201569522220325668e-03 1.402734145014590539e-02 6.498587460620481975e-03 1.358829704930890336e-02 6.460743019058270281e-03 7.973004331211579546e-03 6.965319883704429275e-03 9.537294417946208872e-03 6.968381394726297709e-03 1.021928674002066557e-02
2.380000000000000000e+05 9.306063552929481550e-03 9.420507319858675843e-03 8.656057142742298871e-03 8.021736027146062972e-03 4.069786410329697887e-03 9.629415011065060870e-03 1.108267234707254432e-02 1.109352697243125817e-02 1.023993192792719067e-02 7.872131016638680978e-03 4.861986311728363173e-03 8.857146141711284837e-03
2.390000000000000000e+05 2.486315314186860782e-03 2.382105742449245125e-03 3.617009788640376550e-03 2.776131489524488911e-03 2.008278805261914934e-03 1.621693654515004267e-03 3.002045899827424005e-03 2.851124185920015514e-03 4.285574058675337486e-03 3.264238789449107250e-03 2.406254759417305114e-03 1.893245742989974664e-03
2.400000000000000000e+05 2.041309454378150388e-03 2.507114956545830782e-03 3.258710914962649648e-03 3.047904788451803997e-03 1.842436018661668595e-03 1.582966161337808885e-03 2.487791493214100251e-03 3.013812337712803296e-03 3.877455190057156349e-03 3.361002269677724683e-03 2.194281706656639637e-03 1.724223648293714490e-03
2.410000000000000000e+05 3.270002601286283068e-03 4.183307095360024389e-03 6.858948528981938242e-03 1.190101347313528811e-02 3.941931259136719108e-03 1.011909610470981304e-02 3.958357606015525977e-03 4.931046827594726817e-03 7.812118813557565773e-03 7.314500531130600260e-03 4.062041740185397959e-03 4.670371355849325251e-03
2.420000000000000000e+05 2.062988845692836047e-03 2.298823552274138066e-03 3.431793093094748313e-03 2.950377914284906151e-03 1.823076395612843129e-03 1.302344107503648546e-03 2.513474030627555530e-03 2.757337486185114199e-03 4.084203768057698830e-03 3.246002331105475504e-03 2.183330495431074023e-03 1.285131221167374249e-03
2.430000000000000000e+05 4.244210847237026192e-03 3.478706282605526032e-03 7.090415208987557380e-03 5.677979329911209128e-03 4.490615102315622005e-03 4.217367595911869840e-03 5.115674677234985715e-03 4.145630258266560023e-03 8.086673354876110220e-03 4.627667481489647003e-03 4.834281203494487054e-03 3.216040848356617032e-03
2.440000000000000000e+05 2.752316615256923411e-03 3.123156141938259953e-03 4.025664172312544420e-03 4.774773143104846934e-03 3.057835824517793084e-03 4.154075632571128419e-03 3.325316651256870083e-03 3.750751962774983954e-03 4.787558553727290500e-03 3.320775716739757157e-03 3.662090746783907072e-03 2.997098295084578857e-03
2.450000000000000000e+05 1.871045806353038811e-03 2.306174471933440922e-03 3.036590694116264935e-03 2.662964961004760447e-03 1.699030074612420870e-03 1.211018042693515293e-03 2.284096961195575606e-03 2.773204958120505277e-03 3.610756908833215838e-03 3.108552616959742079e-03 2.036185438686337508e-03 1.435401662780688183e-03
2.460000000000000000e+05 5.041056153688695807e-03 5.516424297867504774e-03 8.317200161213135143e-03 5.661212076487581561e-03 4.291543355434760711e-03 3.168148250928901760e-03 6.077606983503443770e-03 6.622788293263318256e-03 8.622988919772749117e-03 6.734856675193363895e-03 3.634777543261974529e-03 3.757286138321988718e-03
2.470000000000000000e+05 9.084516208470581888e-03 1.095650350150411539e-02 1.054410392557555282e-02 6.555959496160387173e-03 4.962597137386083428e-03 8.335189684292493989e-03 1.078696601614242100e-02 1.311927821641898327e-02 1.220313144105153284e-02 7.433579203658815561e-03 4.851612479537056703e-03 9.207282357199156331e-03
2.480000000000000000e+05 1.964389710495607205e-03 1.963399728293352062e-03 3.099711456551555028e-03 2.471598597105956457e-03 1.855078354098657969e-03 1.258731750610673572e-03 2.390771804539297898e-03 2.364447453689467928e-03 3.640019012826424798e-03 2.881620595050514606e-03 2.210213623516145767e-03 1.485179366220556151e-03
2.490000000000000000e+05 1.824071483609149714e-03 2.212367324021560690e-03 3.069037092966629774e-03 3.064953542720261995e-03 1.717659122281685498e-03 1.640255996790150606e-03 2.227988923051544244e-03 2.662661771938276082e-03 3.649295448328026496e-03 3.270902393199979965e-03 2.062323277377191115e-03 1.678595581900198990e-03
2.500000000000000000e+05 1.795397850689896138e-03 2.228270235915666420e-03 3.039834504876499487e-03 2.526514592527263035e-03 1.617085356471790547e-03 1.096362812545348311e-03 2.192849218072661678e-03 2.676535147097920501e-03 3.610501323210179008e-03 2.957540675395926508e-03 1.942082629017925126e-03 1.253470811254557473e-03
2.510000000000000000e+05 2.020453787829595144e-03 2.072674228860140952e-03 3.491016039413591746e-03 2.702394027994567058e-03 2.030411488855178755e-03 1.419618185961720510e-03 2.460890526079496671e-03 2.496022820861741945e-03 3.967765288802261453e-03 3.050128028548747608e-03 2.277999848616014001e-03 1.573797943330111334e-03
2.520000000000000000e+05 2.970659164011971599e-03 3.644108585576534380e-03 4.067650860182928270e-03 3.592827317127783495e-03 2.085469751691555740e-03 1.772205804084402581e-03 3.601609169766620874e-03 4.338505194657331365e-03 4.612681907670722857e-03 4.266404060527093436e-03 2.302329823877374403e-03 2.034421085189615577e-03
2.530000000000000000e+05 1.907186777944549442e-03 2.193688538430376301e-03 2.957440228998785194e-03 2.742181942690483185e-03 1.790680660058621698e-03 1.255073305852134630e-03 2.320428305752814807e-03 2.639935593828896150e-03 3.440254197964277578e-03 3.202971173924407198e-03 2.024401333208416913e-03 1.485934106697074306e-03
2.540000000000000000e+05 2.333721057769315346e-03 1.921273770785152102e-03 4.232815198834714333e-03 3.454529474790635213e-03 2.122118457684945159e-03 1.946219366768473565e-03 2.835992878803744038e-03 2.312124415866807607e-03 4.996960954443260480e-03 3.165323302740892086e-03 2.461088548291552949e-03 1.399019497642270968e-03
2.550000000000000000e+05 2.694342335425093694e-03 2.750708247616423172e-03 5.378852927284051566e-03 7.065452441911000692e-03 3.691105330716191492e-03 5.534357335695097753e-03 3.261874114516273310e-03 3.310284630606335089e-03 5.874758896799637045e-03 4.726644020604676283e-03 3.660296417370832289e-03 3.125353134416314002e-03
2.560000000000000000e+05 3.655166433134248577e-03 3.572765028348089816e-03 5.389755611385579730e-03 8.515527881260510912e-03 3.816617135798127964e-03 7.879881425623768906e-03 4.391386852808803337e-03 4.289303457228853256e-03 6.372175452303500097e-03 6.544227800850154972e-03 4.234061862895527502e-03 6.478385909544252981e-03
2.570000000000000000e+05 1.687827789123428094e-03 2.094239592029562003e-03 2.810849541206640514e-03 2.461025860006440993e-03 1.539600534593096480e-03 1.062610678954865277e-03 2.061455081160228509e-03 2.515681369625613183e-03 3.338637960726524145e-03 2.870419764761514454e-03 1.851562438568723394e-03 1.192582439717802291e-03
2.580000000000000000e+05 3.343296046899215355e-03 4.855770974871030828e-03 3.976153018945416048e-03 4.578795898323770493e-03 2.962438903681080885e-03 3.450188552774848764e-03 4.047353510926781847e-03 5.773877814056613093e-03 4.174439861388360221e-03 4.956115062607996564e-03 2.946517334564906655e-03 3.923218748776199916e-03
2.590000000000000000e+05 2.019444925944816928e-03 3.081687971509672677e-03 3.298101032342196093e-03 3.366348505389559105e-03 1.767506203765476566e-03 2.041844323008816433e-03 2.459989220757025172e-03 3.707097137645676450e-03 3.770119464823117224e-03 3.685102860095590231e-03 1.996595288663892583e-03 2.279383916729834248e-03
2.600000000000000000e+05 1.323130039753904474e-02 1.240210551841350838e-02 1.797420620539183500e-02 1.619637571110357430e-02 7.497179175057736185e-03 9.220625257788528026e-03 1.589742253655798687e-02 1.458934960750297993e-02 1.875745383311401560e-02 1.633620462103112583e-02 7.038777717325521432e-03 7.354722643790956478e-03
2.610000000000000000e+05 6.419065353128118601e-03 7.165950465620235001e-03 5.866567367865483350e-03 5.259463822992927091e-03 3.282710830112712825e-03 6.238494297352166137e-03 7.610062379730699912e-03 8.436293701781574783e-03 6.999661948362827409e-03 5.784736447171923146e-03 3.707778818290073837e-03 6.620887654837938861e-03
2.620000000000000000e+05 5.113293201425284096e-03 4.856435006950560879e-03 7.354987786062139321e-03 6.741351706418460647e-03 5.219859572200987417e-03 5.661446172977228561e-03 6.068627597689763183e-03 5.832659574560678135e-03 7.475022351810955805e-03 7.082635826575423010e-03 3.882609177270431814e-03 5.649286248130400666e-03
2.630000000000000000e+05 1.482250597142233291e-03 1.779892992418055002e-03 2.478355477789097143e-03 2.100307318075170845e-03 1.447750474986694109e-03 9.001304121868706435e-04 1.807817853181677191e-03 2.147465012817388087e-03 2.943419079303494831e-03 2.526437379112121771e-03 1.742814218753513432e-03 1.119115141858465032e-03
2.640000000000000000e+05 1.613582182108718420e-03 1.824736945025307771e-03 2.487157841940089952e-03 2.282188179571971107e-03 1.510890830135546000e-03 1.102936311598291764e-03 1.960403987050768262e-03 2.200527216937509054e-03 2.950022771529914670e-03 2.688036580547142462e-03 1.789600441565233945e-03 1.295706734430097885e-03
2.650000000000000000e+05 1.021089606256276282e-02 1.468463565087876378e-02 9.252541208408807116e-03 8.766457521912284293e-03 3.917196992169723509e-03 1.099708946737561199e-02 1.216687477973156864e-02 1.734789131520022079e-02 1.105466630771185371e-02 9.623796332683844448e-03 4.399690727954275356e-03 1.125580397650307631e-02
2.660000000000000000e+05 3.365945487045744842e-03 3.396150813540893196e-03 4.302700857696963380e-03 6.025653134864782275e-03 2.296209951215353023e-03 4.769632902011010367e-03 4.014808766798924622e-03 4.050057350383485383e-03 5.124576481989488730e-03 5.097705009597806175e-03 2.587895050206298966e-03 3.331560178080210637e-03
2.670000000000000000e+05 1.542333566347247210e-03 1.748607122511077350e-03 2.544702766682535849e-03 2.197435936839505465e-03 1.594400542784723141e-03 1.148395333699307090e-03 1.878264709964779606e-03 2.108892722519200950e-03 2.948193137396199880e-03 2.543728419390597212e-03 1.860603223295568620e-03 1.347300597850956952e-03
2.680000000000000000e+05 1.587631064401620043e-03 1.811210891584704016e-03 2.726677267369196061e-03 2.210295767128992849e-03 1.675418062728911391e-03 1.161524269834255567e-03 1.933745483463213425e-03 2.182842432060929077e-03 3.109669680164338281e-03 2.594455884658074946e-03 1.897672155365280524e-03 1.385686890638821714e-03
2.690000000000000000e+05 1.616491049024282962e-03 2.198335658843945592e-03 2.562053534064278378e-03 2.690238665160548347e-03 1.746642359897644528e-03 1.353262136737994016e-03 1.963819566742729898e-03 2.637245249837671252e-03 2.846156541005753077e-03 3.068584028162770361e-03 1.815509062072173012e-03 1.559163134447082936e-03
2.700000000000000000e+05 2.405049429245300577e-03 2.604497188349760590e-03 4.287938457952475239e-03 2.981552304161433180e-03 2.244269985963875339e-03 1.762395083416057632e-03 2.910950825396542603e-03 3.134779299750518108e-03 4.796248795997592844e-03 3.491350533074184456e-03 2.181892407146088057e-03 1.995175973880830220e-03
2.710000000000000000e+05 1.290332229691076209e-03 1.764159230746429078e-03 2.200495669528357030e-03 2.024883046770489716e-03 1.291584299835271980e-03 8.588754059460828932e-04 1.575578935411888794e-03 2.126315821826621662e-03 2.614769137518288718e-03 2.437112679419230470e-03 1.553730528319411351e-03 1.067945338988432642e-03
2.720000000000000000e+05 2.621856216051820631e-03 2.610543862233574361e-03 4.072538661347849427e-03 5.207492145043660439e-03 1.789268952503645293e-03 2.707837914637114575e-03 3.173130106327125624e-03 3.123385971950424014e-03 4.833969843886231320e-03 4.258669961990724576e-03 2.132808873147523827e-03 1.114898745253630310e-03
2.730000000000000000e+05 1.679628778364485779e-03 2.648277888906207418e-03 2.883213077893588636e-03 2.414165198360489293e-03 1.544514500892867851e-03 1.373777601006312063e-03 2.040151763827305689e-03 3.179220899521699711e-03 3.348169336590638406e-03 2.890708387331907079e-03 1.706579322394851002e-03 1.635990687612686768e-03
2.740000000000000000e+05 2.963489985895903251e-03 5.802128747012220457e-03 3.093325352587149649e-03 4.750128371794825992e-03 2.332348456185009619e-03 5.124268931946842145e-03 3.581096130794341262e-03 6.923031922865656787e-03 3.623222278956023806e-03 4.387420249164617272e-03 2.751414918981300983e-03 5.493127425647336380e-03
2.750000000000000000e+05 1.261261863701246440e-03 1.723773414675573235e-03 2.177531647490208496e-03 2.046524880276745680e-03 1.273341769711674272e-03 8.833704629983095804e-04 1.539300051269409031e-03 2.076027042151316112e-03 2.587199710799219059e-03 2.390445141350261513e-03 1.527095563033953026e-03 1.009156277225587740e-03
2.760000000000000000e+05 1.755615421587858674e-03 2.362080013301600615e-03 2.416432084439045641e-03 2.654966498450385057e-03 1.406397078971763359e-03 1.221538182515703383e-03 2.132022286218384841e-03 2.817389056137717743e-03 2.833601931076968391e-03 3.075288251574297225e-03 1.651773711073840911e-03 1.299144363707742649e-03
2.770000000000000000e+05 1.463388152778322474e-03 1.860199334708273131e-03 2.395480024001488042e-03 2.964812853432881919e-03 1.439609593845969475e-03 1.766434004872173081e-03 1.764011989001750295e-03 2.238622406545568051e-03 2.847435777547269349e-03 2.966039954975855514e-03 1.690434438239027740e-03 1.589761088090580485e-03
2.780000000000000000e+05 1.515259753849408381e-03 1.741917467868408891e-03 2.336198123853560488e-03 2.022355330379266899e-03 1.430339443929451015e-03 1.112824786414647700e-03 1.835997200206909881e-03 2.092413457546730537e-03 2.746694616080237652e-03 2.423299227386034767e-03 1.703564358529011677e-03 1.332815186248886754e-03
2.790000000000000000e+05 1.262153438348261351e-03 1.962368558086607234e-03 2.286824816795057606e-03 2.229691645555045842e-03 1.362227315899110182e-03 1.120999654630114566e-03 1.538576424476317209e-03 2.360835032329037814e-03 2.643988211047268531e-03 2.607522624023743841e-03 1.521622187796796161e-03 1.266439782803127721e-03
2.800000000000000000e+05 1.155363725104730562e-03 1.604172268976756946e-03 1.999611910235948777e-03 1.896925909641165820e-03 1.195202699962900602e-03 7.748019996941306288e-04 1.408961255196657450e-03 1.932774577942572656e-03 2.377617532719249627e-03 2.282646677440158811e-03 1.435276198211983805e-03 9.553093318472871687e-04
2.810000000000000000e+05 1.169078257484187011e-03 1.770095803043470872e-03 2.133165738678032171e-03 2.700712229966935763e-03 1.340056120797768549e-03 1.504710321363995776e-03 1.416954340682975537e-03 2.132348590319914534e-03 2.496030516017492835e-03 2.700982498252247396e-03 1.518247105669125489e-03 1.364336580479317239e-03
2.820000000000000000e+05 4.177108146083545470e-02 4.104843301467899636e-02 4.576017062238043470e-02 3.767135498501759244e-02 2.421897707827589188e-02 3.322860034155403208e-02 5.005089912124291440e-02 4.777236435860105629e-02 4.696319558515156534e-02 4.133964128150622447e-02 2.293323453449805371e-02 3.249572083153932228e-02
2.830000000000000000e+05 1.408072851625936017e-03 1.718095085708176662e-03 2.157074827087687979e-03 2.454202284676084735e-03 1.482595260784372792e-03 1.457147160701643832e-03 1.690104128413080732e-03 2.069721416146412963e-03 2.494646716655865397e-03 2.650549643809264454e-03 1.588135761015287964e-03 1.470756275039021219e-03
2.840000000000000000e+05 1.382760680769563703e-02 1.298364956388788939e-02 2.305242559097644625e-02 1.635301121798827390e-02 1.296081480819239774e-02 8.738987183588550756e-03 1.659386535868707241e-02 1.533101140205623755e-02 2.261510431833045273e-02 1.832606363973730834e-02 9.962500428849082115e-03 8.781962879730454211e-03
2.850000000000000000e+05 1.124476199501629314e-03 1.540053341589970497e-03 1.786912406408418079e-03 1.982082406504362317e-03 1.164527648499367758e-03 9.304168896169733938e-04 1.369556599195125880e-03 1.854499400173558691e-03 2.108678118221980931e-03 2.302599509121201586e-03 1.382189928644904711e-03 1.057792857778664395e-03
2.860000000000000000e+05 8.351628247144101888e-03 8.372574144641407173e-03 1.970190621863150346e-02 1.752419756135134565e-02 1.708269244631894362e-02 1.436727186050235604e-02 9.828349018367084008e-03 9.996057403679769332e-03 1.663713102728637747e-02 1.615517669305661930e-02 9.878491720357157266e-03 1.297033642324423378e-02
2.870000000000000000e+05 2.130944185292677536e-03 2.904124740169797964e-03 3.453456079424598122e-03 5.222661536044310472e-03 1.554865658399228259e-03 3.380735120602961375e-03 2.560959853066144438e-03 3.471019708440016387e-03 4.118451380688749157e-03 4.638166916117923699e-03 1.864600037669046813e-03 2.490292041927640466e-03
2.880000000000000000e+05 2.628801426756418886e-03 2.944298979153446398e-03 3.632804988760258893e-03 5.560662828339175967e-03 2.123130767597982988e-03 3.824655812029971631e-03 3.166766157941139012e-03 3.539663461867769041e-03 4.316213604007410228e-03 3.988056086451978628e-03 2.529120643590791924e-03 2.237322838887903943e-03
2.890000000000000000e+05 1.433966798432912294e-03 1.784076393633550342e-03 2.590554085817581894e-03 1.995048502777269171e-03 1.331621959948238584e-03 1.135290133297483031e-03 1.737336657559508061e-03 2.136991645197927180e-03 3.053267210237185867e-03 2.389720021232550999e-03 1.535712432153671630e-03 1.388498771610065501e-03
2.900000000000000000e+05 1.118395072276518430e-03 1.469061951051683825e-03 1.834150449649769128e-03 1.742201134679996185e-03 1.177670819977061963e-03 7.649346910655536232e-04 1.352239103842165857e-03 1.769345321640401021e-03 2.151082558974439993e-03 2.101651613270625208e-03 1.347673427027928396e-03 9.443368772914370254e-04
2.910000000000000000e+05 1.685063992307872472e-03 1.847303953311479896e-03 2.378910877666522063e-03 2.321922314974549616e-03 1.538881572997894331e-03 1.180051605541075285e-03 2.026248613132454555e-03 2.219134403530442345e-03 2.717493153637464808e-03 2.581679505417283464e-03 1.668894480340128760e-03 1.249258695894484667e-03
2.920000000000000000e+05 2.098025659928642872e-03 3.429325633086584453e-03 2.596315325413298819e-03 2.551933466479004448e-03 1.309587872190150042e-03 1.858332911317803204e-03 2.526900960461959857e-03 4.059412996112404456e-03 3.097611472353946002e-03 3.065860256128567687e-03 1.563959501653907399e-03 2.172719507127676263e-03
2.930000000000000000e+05 1.233592675103002516e-02 1.830661461485930119e-02 7.949160984406641525e-03 1.317121310761197595e-02 1.135849968027139063e-02 2.258914135831921813e-02 1.479094765517242026e-02 2.141109980219005685e-02 6.925630648456424301e-03 9.657564759750665584e-03 1.113893224038296423e-02 2.421833897204968278e-02
2.940000000000000000e+05 1.069888786057402938e-03 1.429330354780094332e-03 1.718438696342107323e-03 1.729917183987675008e-03 1.085845517225782816e-03 7.907974408304603358e-04 1.296518122074281649e-03 1.720476899083517785e-03 2.041049930029037365e-03 2.010257908673208829e-03 1.286244975607141704e-03 9.057468691018213513e-04
2.950000000000000000e+05 9.212275234867575713e-04 1.404990621341977060e-03 1.724565065976474453e-03 1.600795471193314961e-03 1.049664275545423350e-03 7.090547220590152043e-04 1.120483124782508571e-03 1.691670157169451001e-03 2.047354269798826003e-03 1.927894224674227231e-03 1.240996933014184645e-03 8.719658515955780627e-04
2.960000000000000000e+05 1.701658918493909826e-03 2.111479781404574166e-03 2.597571656932229443e-03 4.242485748307205963e-03 1.693428846721842891e-03 3.016491108002417390e-03 2.010565730638137847e-03 2.531986066131128744e-03 3.017836627166278415e-03 3.649860483637504174e-03 1.755604016009352716e-03 2.120368419888180728e-03
2.970000000000000000e+05 1.861277858775246385e-03 2.007013456693847869e-03 2.745753416486018065e-03 3.071421858418808652e-03 1.950029563102079547e-03 2.388625156110503987e-03 2.244579857923752891e-03 2.402563927508505250e-03 3.256274990420302169e-03 2.374127274199753796e-03 2.281959355330110892e-03 1.933257555513668777e-03
2.980000000000000000e+05 1.684606193691411602e-03 2.179864715352374232e-03 2.642166839664381907e-03 3.570704987469357650e-03 1.295446920568125429e-03 1.984886889502995508e-03 2.026720219989831991e-03 2.602243370999184242e-03 3.134554489980736873e-03 3.258280184512425421e-03 1.462751452523674547e-03 1.189925848806064161e-03
2.990000000000000000e+05 4.011995808742035985e-03 4.925600637585400739e-03 4.976503790877248416e-03 4.820924489281367027e-03 2.796962392443493126e-03 3.149210088338061635e-03 4.824598279023087008e-03 5.741399402769836041e-03 5.328897291423856375e-03 5.443845937959632814e-03 2.803667471620034397e-03 3.056830285341399778e-03
3.000000000000000000e+05 8.372761920688312964e-04 1.376102433798969543e-03 1.572676132442075167e-03 1.582367555079740957e-03 9.819944100209721752e-04 6.976623489984878131e-04 1.015583514138054420e-03 1.655653315637417231e-03 1.877972316916449134e-03 1.889003760421368010e-03 1.171279366395374440e-03 8.412683278801983029e-04
3.000000000000000000e+05 8.372761920688312964e-04 1.376102433798969543e-03 1.572676132442075167e-03 1.582367555079740957e-03 9.819944100209721752e-04 6.976623489984878131e-04 1.015583514138054420e-03 1.655653315637417231e-03 1.877972316916449134e-03 1.889003760421368010e-03 1.171279366395374440e-03 8.412683278801983029e-04
3.150000000000000000e+05 3.181116010633712965e-06 3.310208772419454248e-06 6.188799194595019659e-06 1.903888656126352995e-06 4.052476761896523850e-06 2.684285381290202895e-06 4.034661180465302188e-06 7.607846910925058600e-06 7.298406646381086946e-06 4.313747800177337840e-06 7.327450224024289944e-06 7.240416082143815879e-06
