# step, loss_train, loss_test, metrics_test
0.000000000000000000e+00 3.202647456836415785e+01 2.780691068538707356e+01 2.846109853913500132e+01 6.659939802971855727e+00 2.413321483342889984e+00 1.579274651466385748e+01 1.632651413090473014e+01 3.047147681892431237e+01 1.262623784129132076e+01 6.003969723354632748e+00 2.783925685040982145e+00 1.876768125916947128e+01
1.000000000000000000e+03 6.504698293316531377e+00 6.688760543380313450e+00 5.802230749397814691e+00 4.152928498199164764e+00 2.441079333716725586e+00 1.057490940868518869e+01 5.084509314261095092e+00 5.513875688442483103e+00 2.746050411044858475e+00 3.780071220556550315e+00 2.754869740701776148e+00 1.259804125096560057e+01
2.000000000000000000e+03 5.192169560529935612e-01 1.812339277371824708e-01 5.371810494349027465e-01 3.900481911774626442e-01 1.129261617132112816e+00 5.112759486639135709e-01 5.862795515589316331e-01 1.987987053598167242e-01 5.609303142159334232e-01 4.276296439298997720e-01 1.149841412486027448e+00 5.665671843432783517e-01
3.000000000000000000e+03 1.477283253550210063e-01 5.927959528078168699e-02 8.956974083126921504e-02 7.259568871802134227e-02 3.285993124102880025e-01 8.507185258575751530e-02 1.753850930049616619e-01 6.379011130633567561e-02 8.841742052146851771e-02 7.587253869036209020e-02 3.671494977899723566e-01 9.180146260008445469e-02
4.000000000000000000e+03 1.350744065908981162e-01 3.604683645123568647e-02 4.081071953047596401e-02 4.907175012477131559e-02 1.567619935679698817e-01 5.329689057439190164e-02 1.613709797732366946e-01 4.024555205888588616e-02 3.885700678701090038e-02 5.144734203503274067e-02 1.814550764010330330e-01 5.897148577417079401e-02
5.000000000000000000e+03 1.290618769634050977e-01 2.950295201643919618e-02 3.133727958771730104e-02 3.565118263593752140e-02 1.197168199872519073e-01 4.381400829902014349e-02 1.541571206275134387e-01 3.294356836620321999e-02 3.133639211201088431e-02 3.755027034691481996e-02 1.410122663284394950e-01 4.881041067486093649e-02
6.000000000000000000e+03 1.245269733280782581e-01 2.759251488050377260e-02 2.722550405324520445e-02 3.037222090659844748e-02 9.900425636576874744e-02 3.488363777781398889e-02 1.485876712543985345e-01 3.082650785645679389e-02 2.884843043917529812e-02 3.261204625296877657e-02 1.174865848330568646e-01 3.893319305823279841e-02
7.000000000000000000e+03 1.194064255841460059e-01 2.579701747565954495e-02 2.741218972796583345e-02 2.886174937681021055e-02 8.686508486409554031e-02 2.933080699748795428e-02 1.421082226572094598e-01 2.927677953841377120e-02 3.090317004951849758e-02 3.169390654203283614e-02 1.032513499107225730e-01 3.270254705569980436e-02
8.000000000000000000e+03 1.153812159208918720e-01 2.515867870330686790e-02 2.875578368320190481e-02 2.862563661646602350e-02 8.099471547266676175e-02 2.737575843245137683e-02 1.370724186877152195e-01 2.879820019068100173e-02 3.324252969323024387e-02 3.200631764281289260e-02 9.620300815597918054e-02 3.057039773713329453e-02
9.000000000000000000e+03 1.129973579729625782e-01 2.509431999526343104e-02 2.913466124270642707e-02 2.824510369146816455e-02 7.829900752841020828e-02 2.634850716542380678e-02 1.342090097700836815e-01 2.880757465485798280e-02 3.396370643204520146e-02 3.196809073234681275e-02 9.291861413366837852e-02 2.949013950825969677e-02
1.000000000000000000e+04 1.114033373396668969e-01 2.510188264919729559e-02 2.905409218548609188e-02 2.773554180441868341e-02 7.663826019873989925e-02 2.561347968555102023e-02 1.323659344994604359e-01 2.883203539689448494e-02 3.401280362575390126e-02 3.166947245222023755e-02 9.087864157535076315e-02 2.873552882668100467e-02
1.100000000000000000e+04 1.101027177595181733e-01 2.507947645713096141e-02 2.885969348262290915e-02 2.728987780208971814e-02 7.538405299384494385e-02 2.508015128279966408e-02 1.308952839393860701e-01 2.880331479894638821e-02 3.387957661395245984e-02 3.137670481172540743e-02 8.930838351136884123e-02 2.821231190885811063e-02
1.200000000000000000e+04 1.089466963301241459e-01 2.502477287970357109e-02 2.866432189930263885e-02 2.695055110913436441e-02 7.436047165396156289e-02 2.464129164648116987e-02 1.295823541864888906e-01 2.872279366652725346e-02 3.369881412147867489e-02 3.115590033865103109e-02 8.798491390054830052e-02 2.778358570363092736e-02
1.300000000000000000e+04 1.078489001581321993e-01 2.497851946878614643e-02 2.847685674656433297e-02 2.672615347650208334e-02 7.349935134452426078e-02 2.425115773468078037e-02 1.283252007799199346e-01 2.865096554242071991e-02 3.350132006425451947e-02 3.102114821492603022e-02 8.683286239537121864e-02 2.738270193824527549e-02
1.400000000000000000e+04 1.073987509554658326e-01 2.722530908058540255e-02 2.878073356804548844e-02 3.006581447716565048e-02 7.365447934157616505e-02 2.614460785901217069e-02 1.279533677873127828e-01 3.199042591232458682e-02 3.398282662721920089e-02 3.542640742647752000e-02 8.702108514548256846e-02 2.966461119424584555e-02
1.500000000000000000e+04 1.061919198774398942e-01 2.478200390165192710e-02 2.837353084914644510e-02 2.636278620378421783e-02 7.193819744257838600e-02 2.362221149385583877e-02 1.261685565025262024e-01 2.832054976837282412e-02 3.324721439089352998e-02 3.067043191735116525e-02 8.478534593151937360e-02 2.661853677396047377e-02
1.600000000000000000e+04 1.052114777309063748e-01 2.486806963083387778e-02 2.792395885550986653e-02 2.646565595423397421e-02 7.113490120363828717e-02 2.356215911837988841e-02 1.253034973983760958e-01 2.853492997586149979e-02 3.294717824644610021e-02 3.085086857519380235e-02 8.381655909348971478e-02 2.652471864200908400e-02
1.700000000000000000e+04 1.044219753611835416e-01 2.491464567519974943e-02 2.776020371871801284e-02 2.639265885690470631e-02 7.038270309068585251e-02 2.359259050350385675e-02 1.242002335656104545e-01 2.860546261178637320e-02 3.261179300348584359e-02 3.086723638248159429e-02 8.294544346715231053e-02 2.650785806260353220e-02
1.800000000000000000e+04 1.039132355413383280e-01 2.461187045426523751e-02 2.783432616638827420e-02 2.626869533905992760e-02 6.969390071131568998e-02 2.324181302815328184e-02 1.237829908484763541e-01 2.819014962044168182e-02 3.290020993891343282e-02 3.059893352259487539e-02 8.211673707808263278e-02 2.613392433169456006e-02
1.900000000000000000e+04 1.027763544024897363e-01 2.511674024717901188e-02 2.711852498278224943e-02 2.681230120001318329e-02 6.898682715240841978e-02 2.361048063097892155e-02 1.227815183695486201e-01 2.907857426665108949e-02 3.227782179547757091e-02 3.143860930810487425e-02 8.134801850033404613e-02 2.656188330784504600e-02
2.000000000000000000e+04 1.025391898851013978e-01 2.450879715775512377e-02 2.758638868172515538e-02 2.616887240938477535e-02 6.831235291715452573e-02 2.303154104066837404e-02 1.220876155319521733e-01 2.804307135936229614e-02 3.257206327462505019e-02 3.050584245344373571e-02 8.052025041152939544e-02 2.588068324545543877e-02
2.100000000000000000e+04 1.016044289878402646e-01 2.472221200288398160e-02 2.707256826811174633e-02 2.652404684672423490e-02 6.764040922437175585e-02 2.316412896618876352e-02 1.213740612864931956e-01 2.854525325358277937e-02 3.225365542679124731e-02 3.104264428847584856e-02 7.976394291629079758e-02 2.607093316691967699e-02
2.200000000000000000e+04 1.010612171223362332e-01 2.437064441419910590e-02 2.724619194438455960e-02 2.615790437461677428e-02 6.711442041947025816e-02 2.283968198133427482e-02 1.205364262622706656e-01 2.797201737121416537e-02 3.235294118410937669e-02 3.050809313472025233e-02 7.910828065936323372e-02 2.570352186096322433e-02
2.300000000000000000e+04 1.018323394622893674e-01 2.332045104970480870e-02 2.908258369919976272e-02 2.625410191020081246e-02 6.739781565718577783e-02 2.251752127276382756e-02 1.211141406869576664e-01 2.623492172645897416e-02 3.441891718083495144e-02 3.012884708759945573e-02 7.939467651593842823e-02 2.541977597751459220e-02
2.400000000000000000e+04 9.961655085992215941e-02 2.425350563370726881e-02 2.708277792532507236e-02 2.614171474745826881e-02 6.587082323298909525e-02 2.261483305861301460e-02 1.188611433279039564e-01 2.784124593114722934e-02 3.222754739885156511e-02 3.049306242443207415e-02 7.764977674948028707e-02 2.549128907826514120e-02
2.500000000000000000e+04 9.973459182683708235e-02 2.345499488271085564e-02 2.803610978720032232e-02 2.595808180378381472e-02 6.590661560626837057e-02 2.220265261587076044e-02 1.188829212026646515e-01 2.658192859127805549e-02 3.332584702767085738e-02 2.985513420721557648e-02 7.763824956615920925e-02 2.507957628576624673e-02
2.600000000000000000e+04 9.827878132812145617e-02 2.414968456119273577e-02 2.692982993003722320e-02 2.627749528679925936e-02 6.481190143172170515e-02 2.249588108861870842e-02 1.173550932811974756e-01 2.787363491378645752e-02 3.211427425966353194e-02 3.069036945122534388e-02 7.644028799748948944e-02 2.542212329847350419e-02
2.700000000000000000e+04 9.778499930289814845e-02 2.377487560966215843e-02 2.744709913055705386e-02 2.579904973764545958e-02 6.437988545591738498e-02 2.206253965425585689e-02 1.163674163910769777e-01 2.706554319741073453e-02 3.252147919233168427e-02 2.993148574706772438e-02 7.588304464409223460e-02 2.491956218058071978e-02
2.800000000000000000e+04 9.748881625898708769e-02 2.432976483927136099e-02 2.727375569529263966e-02 2.672301865130866788e-02 6.384385359288137496e-02 2.262172687393133874e-02 1.158222936792950020e-01 2.834250270944687483e-02 3.199834945276190667e-02 3.138931078233914151e-02 7.537982623083959444e-02 2.561886687230441328e-02
2.900000000000000000e+04 9.620541563060007462e-02 2.359748482027597405e-02 2.726879037084575796e-02 2.573994365656755851e-02 6.340049770161096387e-02 2.189104413668998064e-02 1.145771474255786460e-01 2.689813768468289970e-02 3.242472155260522904e-02 2.984458866077437794e-02 7.477081819137582075e-02 2.476810472773322350e-02
3.000000000000000000e+04 9.572355643450478069e-02 2.340898584685891307e-02 2.757197096900824984e-02 2.559428136907673790e-02 6.297687963985375281e-02 2.171559399197982299e-02 1.137653247494904429e-01 2.656884763609996050e-02 3.265898811042475258e-02 2.961077469940810378e-02 7.427597962824830646e-02 2.458095175281606662e-02
3.100000000000000000e+04 9.433021106215877527e-02 2.355279413549507192e-02 2.680294060619017871e-02 2.587587767283589316e-02 6.239444350207890011e-02 2.194031967158635230e-02 1.125367652402866209e-01 2.707259775159349610e-02 3.201235495944525222e-02 3.018629573512823794e-02 7.366257143535633045e-02 2.486518438731829400e-02
3.200000000000000000e+04 9.295987170155151080e-02 2.434586040382068564e-02 2.645359181899438472e-02 2.710931717742188010e-02 6.206486165232863450e-02 2.291902279133172307e-02 1.108813284882193412e-01 2.837028786008677708e-02 3.151246042337500081e-02 3.207151011399256291e-02 7.335303173254308085e-02 2.598954165777756301e-02
3.300000000000000000e+04 9.274575272023290184e-02 2.326635636226187520e-02 2.678389151963582807e-02 2.572868771812037922e-02 6.145694291698752115e-02 2.175159160635004030e-02 1.106323533377091134e-01 2.672405706939071784e-02 3.199014192613597318e-02 2.994200115985207536e-02 7.260406916114682530e-02 2.468352694876481054e-02
3.400000000000000000e+04 9.207262637291666052e-02 2.317476530822840108e-02 2.683334969640475270e-02 2.583609178797024661e-02 6.103570706734814250e-02 2.187506193345128622e-02 1.096414222341527966e-01 2.682331047144461550e-02 3.179080729597750371e-02 3.021556013317337058e-02 7.216495823895421879e-02 2.484776827038569225e-02
3.500000000000000000e+04 9.124126079336507267e-02 2.281725222889499291e-02 2.683553940132455545e-02 2.547645887053546013e-02 6.058180528876760951e-02 2.162653836390853596e-02 1.087709984920660899e-01 2.628669260988493808e-02 3.197212294315773112e-02 2.964206754796535476e-02 7.161861353270551622e-02 2.457508947128685117e-02
3.600000000000000000e+04 9.117689212757343342e-02 2.247298080084862704e-02 2.770923637052600044e-02 2.515240582243988970e-02 6.018646455883246843e-02 2.124251409417725334e-02 1.083138757221211029e-01 2.536228030052664617e-02 3.294927292214601400e-02 2.881662047083586448e-02 7.107950678095605046e-02 2.414242281040379287e-02
3.700000000000000000e+04 8.965386786610034242e-02 2.242645492778230082e-02 2.682593287453242936e-02 2.526867152529452265e-02 5.964101880167302361e-02 2.152214114691063107e-02 1.067543463213556088e-01 2.589640599607974034e-02 3.187287493146300638e-02 2.938301464699084875e-02 7.053270962752224149e-02 2.447849287145087774e-02
3.800000000000000000e+04 8.837108624786699229e-02 2.285999249525674445e-02 2.639319459045914515e-02 2.592042423036639356e-02 5.927785122909940557e-02 2.230303919236234500e-02 1.052849582808148415e-01 2.660793701986993373e-02 3.139696914724845328e-02 3.054316278615503907e-02 7.006980565262668770e-02 2.539385563962120659e-02
3.900000000000000000e+04 8.907214295144991190e-02 2.167262854090077490e-02 2.747464202548317511e-02 2.463698129112652443e-02 5.890482813677958007e-02 2.111846645153711566e-02 1.059882381945209118e-01 2.456165319470542813e-02 3.281586925225003781e-02 2.815999728425216259e-02 6.958528284411073794e-02 2.404503326804978761e-02
4.000000000000000000e+04 8.877853506018026919e-02 2.084506880352142780e-02 2.781536169285565505e-02 2.409073385072789744e-02 5.894799269581255802e-02 2.094483512149736965e-02 1.057487134319398392e-01 2.375136169447686352e-02 3.323993605387502714e-02 2.738435382417415964e-02 6.971561429204663207e-02 2.383135855990273569e-02
4.100000000000000000e+04 9.282330706497395056e-02 2.131443744370719109e-02 3.130931759351218008e-02 2.416203847542435640e-02 5.869843643341920297e-02 2.082784549923125464e-02 1.080434129462431031e-01 2.299517399226294612e-02 3.597891436355672712e-02 2.670129109640388687e-02 6.916621373294505604e-02 2.376005989655085443e-02
4.200000000000000000e+04 8.741426089794476773e-02 2.080276416114508822e-02 2.688156889962249954e-02 2.387036676571787155e-02 5.791291408596498796e-02 2.115999697116168962e-02 1.035275914695154287e-01 2.422277357726073874e-02 3.164681091782498706e-02 2.778745501121566291e-02 6.850775405972445165e-02 2.410879221403662911e-02
4.300000000000000000e+04 9.011350883805518963e-02 2.038741587312709741e-02 2.936189800644119566e-02 2.327438477776305401e-02 5.791225138732020855e-02 2.074109524818084846e-02 1.062591092018410760e-01 2.270334632918225015e-02 3.471012302639504832e-02 2.617719676357073422e-02 6.831039288976233081e-02 2.367155719218805646e-02
4.400000000000000000e+04 8.721056674464960912e-02 1.994726727610983408e-02 2.734263247467185950e-02 2.303336927501348566e-02 5.739094399401011015e-02 2.072321940695961984e-02 1.038807835058135065e-01 2.288791346046066544e-02 3.279743609621877526e-02 2.633220264068137154e-02 6.786870356943770777e-02 2.360987392142739269e-02
4.500000000000000000e+04 8.636114787576011642e-02 2.008298686750662268e-02 2.677883410105152268e-02 2.300196450077508434e-02 5.706674598177454566e-02 2.097010812425032997e-02 1.024859407799773303e-01 2.349865826207240410e-02 3.168618612690671243e-02 2.692902364310259533e-02 6.752966004691732249e-02 2.389197105458296111e-02
4.600000000000000000e+04 8.718124091358143979e-02 1.896934545328602187e-02 2.795018425768438022e-02 2.195182652372068902e-02 5.715690599375002762e-02 2.054831726400142139e-02 1.035890925731609014e-01 2.184063135798864838e-02 3.340787108176642567e-02 2.501940508411409220e-02 6.763868694915915747e-02 2.334975770129759515e-02
4.700000000000000000e+04 8.955396635563732388e-02 1.904081356138002598e-02 2.963053906852858646e-02 2.198106681420699746e-02 5.711284717627414242e-02 2.031161483188680464e-02 1.061591075051206562e-01 2.113994649520831853e-02 3.548353282356753874e-02 2.419106567009252085e-02 6.750670717046934610e-02 2.309489996280224625e-02
4.800000000000000000e+04 8.586609602369928151e-02 1.912317524740754504e-02 2.704004331425514593e-02 2.193542161340578112e-02 5.610111522190203148e-02 2.062501191839156978e-02 1.021781575129964426e-01 2.233202170636604603e-02 3.234242639257139951e-02 2.548498966907115221e-02 6.644693748372955400e-02 2.344617177098644312e-02
4.900000000000000000e+04 8.625258454856636614e-02 1.919247624374679356e-02 2.726520087215049404e-02 2.192763551930270935e-02 5.578186857617028344e-02 2.081554983769687284e-02 1.010425609934699764e-01 2.260728161267031716e-02 3.150546864515918477e-02 2.587619454749072456e-02 6.604000925904025820e-02 2.365807185586682113e-02
5.000000000000000000e+04 8.591259675971682497e-02 1.855071789149995154e-02 2.719435940207690430e-02 2.118614112217998696e-02 5.548649022381881013e-02 2.052135756829885291e-02 1.017566733112804656e-01 2.174302600625571333e-02 3.223436085368568821e-02 2.464322139333927769e-02 6.569320609336189165e-02 2.332037951770354542e-02
5.100000000000000000e+04 8.571755769740284359e-02 1.843774488301426137e-02 2.729207325819251254e-02 2.103014398160275161e-02 5.500416429815144226e-02 2.048711713840922766e-02 1.021798665193850431e-01 2.149654976490371350e-02 3.280201558762397412e-02 2.431271316122494974e-02 6.511327910240988226e-02 2.330322441214327175e-02
5.200000000000000000e+04 8.537155997641646121e-02 1.853565735900862890e-02 2.704445518621471228e-02 2.099324889710956279e-02 5.459171816394738780e-02 2.057096589494468789e-02 1.010619354759467181e-01 2.180269253049003930e-02 3.201112998669666115e-02 2.459905986973245223e-02 6.458645930737189067e-02 2.339390893293544216e-02
5.300000000000000000e+04 8.616662386450425759e-02 1.792905166319273824e-02 2.768385116112514338e-02 2.004078538377765048e-02 5.478531130825745749e-02 2.046517521149446989e-02 1.013367346811734071e-01 2.104544556398198901e-02 3.251478855930980960e-02 2.337715934539113041e-02 6.472535307028665086e-02 2.322551644744556137e-02
5.400000000000000000e+04 9.060480151476786592e-02 2.049100920082818494e-02 2.975196448884546985e-02 2.276942200979330602e-02 5.492768921471934823e-02 2.155101870982559231e-02 9.964895524842454222e-02 2.381818837240311584e-02 3.056030490858571355e-02 2.708692062278908810e-02 6.466535655120703163e-02 2.457033211329948119e-02
5.500000000000000000e+04 8.593963423003440905e-02 1.769181330848992872e-02 2.771903087413800718e-02 1.982228286837686704e-02 5.411781469537731842e-02 2.024474430611991962e-02 1.018278850885219744e-01 2.066069075012301817e-02 3.305283192676058274e-02 2.277130644797151909e-02 6.390722977861920673e-02 2.297378763429249598e-02
5.600000000000000000e+04 8.516618832991508514e-02 1.823285659558696037e-02 2.700987453979396616e-02 2.023620394839382650e-02 5.361593632774530604e-02 2.043253411735778194e-02 1.004892051922259694e-01 2.149441824421208583e-02 3.183699374665998477e-02 2.373999943359302034e-02 6.330850196017331899e-02 2.321521479526134080e-02
5.700000000000000000e+04 8.593363659280997546e-02 1.826334796564351576e-02 2.756514388206626406e-02 1.986787373258946943e-02 5.397135715765153524e-02 2.052299644041927912e-02 9.987482725572760511e-02 2.157855329160896993e-02 3.156508274212541793e-02 2.356632325004409320e-02 6.365380261864367339e-02 2.330513617603115553e-02
5.800000000000000000e+04 8.441004316354221160e-02 1.859963991882941994e-02 2.660621698525449108e-02 2.041472583444616656e-02 5.338553518892443644e-02 2.058719234875604209e-02 9.992313942608183064e-02 2.197670298603591338e-02 3.151480535839804725e-02 2.411592095990965426e-02 6.300755088660076053e-02 2.343960143092361711e-02
5.900000000000000000e+04 8.464991168229939189e-02 1.845521887183131093e-02 2.673943447052438624e-02 2.017107625069922139e-02 5.316912316561519386e-02 2.041919439098698053e-02 9.974977815964987393e-02 2.180688303622950810e-02 3.142169147170111726e-02 2.381958231380581353e-02 6.271669432546075895e-02 2.322397252079190857e-02
6.000000000000000000e+04 8.460050612415447036e-02 1.815800432646803506e-02 2.693990561791669708e-02 1.982593946777536434e-02 5.291795738370580482e-02 2.019664445241563591e-02 1.004684361526681918e-01 2.138173574623524961e-02 3.222787772450077387e-02 2.314175265671039594e-02 6.239959649155157884e-02 2.296470669326109576e-02
6.100000000000000000e+04 8.475033833358013025e-02 1.790258857449042798e-02 2.719720212094460521e-02 1.946456779683788246e-02 5.282338324159127629e-02 2.003762106395097845e-02 1.005942206426032881e-01 2.102851238325417413e-02 3.254059365347220650e-02 2.261661108392354347e-02 6.226496896427539951e-02 2.276622431841279423e-02
6.200000000000000000e+04 8.535962969081783980e-02 1.837709078445541253e-02 2.732225895854257722e-02 1.953929647207523074e-02 5.304477749627277416e-02 2.033489037391386645e-02 9.899009127419504395e-02 2.172874582022933307e-02 3.112156121307272511e-02 2.314923861321740300e-02 6.245673083262997388e-02 2.312614682473796215e-02
6.300000000000000000e+04 8.539064930363213235e-02 1.742991675285971570e-02 2.818700252995865949e-02 1.889628866772902899e-02 5.283455559039309385e-02 1.981209703710950024e-02 1.014207534680385686e-01 2.023600296425730194e-02 3.382917970854291273e-02 2.143398566475532285e-02 6.223462626100903505e-02 2.247826851113212537e-02
6.400000000000000000e+04 8.942760967112613202e-02 1.812709589664992377e-02 3.107956639531682039e-02 1.971579084155505174e-02 5.292610767151503109e-02 1.984196543183353381e-02 1.053270467710822750e-01 2.000330190312403500e-02 3.685003579729956291e-02 2.102318561212449671e-02 6.217793837497792575e-02 2.255677001902508388e-02
6.500000000000000000e+04 8.421338770959969910e-02 1.794424273895543070e-02 2.711280309028006250e-02 1.929753178522952001e-02 5.219587890583664291e-02 1.989123663040482867e-02 1.000203746532430382e-01 2.109690302315048172e-02 3.250981881371676346e-02 2.245910342760069900e-02 6.145584297050977335e-02 2.261448757103459717e-02
6.600000000000000000e+04 8.385704408230405804e-02 1.821218966496033348e-02 2.677892670073936388e-02 1.949415673937813370e-02 5.214596998050565618e-02 1.999205768351543927e-02 9.882459286562068901e-02 2.153645207764470076e-02 3.154712815310452279e-02 2.303480843613226955e-02 6.139238626112637764e-02 2.273547773633558672e-02
6.700000000000000000e+04 8.892495705250373639e-02 1.898011407941510229e-02 2.940274786961963316e-02 1.978863155780355432e-02 5.304584216775166255e-02 2.050660300271456640e-02 9.796676871870299563e-02 2.221792459860920735e-02 3.056676612468555224e-02 2.357805655253234628e-02 6.216955706913782770e-02 2.337712385776764823e-02
6.800000000000000000e+04 8.294320775864483242e-02 1.866736944096480250e-02 2.644955952795057311e-02 1.999307080385671551e-02 5.203124838568375099e-02 2.024021152938900933e-02 9.826061260835064481e-02 2.210118473431677347e-02 3.147744756329637350e-02 2.374650865602454669e-02 6.123690585145150078e-02 2.306831306059204528e-02
6.900000000000000000e+04 8.446550957828946604e-02 1.782286604590146289e-02 2.748920269788269685e-02 1.864683054426297462e-02 5.211277320434558324e-02 1.977185020240682795e-02 9.833098074340923533e-02 2.110255153560063740e-02 3.168412022023458369e-02 2.200378244285298296e-02 6.127489491712620473e-02 2.246144750380117336e-02
7.000000000000000000e+04 8.421191339403351350e-02 1.755111493859086089e-02 2.771587615714833294e-02 1.857771643431179245e-02 5.184151939022606931e-02 1.948147175094827946e-02 9.997321594035935011e-02 2.045248373888996010e-02 3.327737594700595075e-02 2.131303263758724947e-02 6.097905110024338243e-02 2.212474433566957721e-02
7.100000000000000000e+04 8.365288710600560229e-02 1.781907611789323304e-02 2.728362784443083555e-02 1.883182937471074639e-02 5.147841586217741239e-02 1.954649841372134780e-02 9.933700892461658216e-02 2.090881217891292498e-02 3.276188255964722351e-02 2.184408509713940683e-02 6.054175833598503947e-02 2.222471568077917514e-02
7.200000000000000000e+04 8.319975047690114645e-02 1.839820771042154426e-02 2.688945372599380046e-02 1.934841528306227576e-02 5.141779827155399524e-02 1.978570031210320421e-02 9.741426709443043452e-02 2.179500454175859955e-02 3.124292976760894777e-02 2.299755927297474425e-02 6.047652033791621473e-02 2.252152904816270493e-02
7.300000000000000000e+04 8.366135320781803442e-02 1.778774509749566843e-02 2.750282004500824787e-02 1.869711940769552133e-02 5.127005353908569568e-02 1.941939693879887741e-02 9.940087670619840443e-02 2.080411337634625879e-02 3.310289370061570563e-02 2.158388588970742983e-02 6.027596039886187751e-02 2.208549731032071264e-02
7.400000000000000000e+04 8.278175709128206272e-02 1.826424193080831634e-02 2.673337229273628837e-02 1.903880439556614179e-02 5.133554593202461352e-02 1.963420357779419034e-02 9.734503855199642952e-02 2.164248467127294698e-02 3.136342757383405594e-02 2.258776373782140495e-02 6.037582080108351568e-02 2.235907963691342870e-02
7.500000000000000000e+04 8.231986559186339758e-02 1.838125356295637614e-02 2.650685827681890927e-02 1.926118187146278610e-02 5.117261523990884048e-02 1.969230921786713912e-02 9.737831534854242410e-02 2.177892486444452796e-02 3.149155768852522630e-02 2.284179888772368619e-02 6.018286179180939305e-02 2.244151366671402054e-02
7.600000000000000000e+04 8.320891893609207168e-02 1.746411142226523758e-02 2.765013602692922151e-02 1.790506816621202646e-02 5.156966499484967603e-02 1.927315072630865142e-02 9.784078993392450463e-02 2.062162940779645875e-02 3.258191766313104504e-02 2.096455149306708163e-02 6.063185291691151890e-02 2.191551252447975981e-02
7.700000000000000000e+04 8.348507679182773367e-02 1.755058542489345078e-02 2.781701251510533199e-02 1.820484462876147125e-02 5.114900915013464305e-02 1.913621962391285486e-02 9.915202897851899122e-02 2.042136346446362868e-02 3.348610843871650811e-02 2.084566072073213913e-02 6.013991937546352140e-02 2.176081298366589964e-02
7.800000000000000000e+04 8.317186964230754986e-02 1.736204063587934443e-02 2.780102756893497798e-02 1.797051315894738696e-02 5.110179818461767914e-02 1.907664951592292352e-02 9.838504142556830923e-02 2.030619745168103785e-02 3.318117909457601877e-02 2.072575284003247073e-02 6.009058445809309368e-02 2.167471188683836592e-02
7.900000000000000000e+04 8.379602216244570745e-02 1.778150817385437676e-02 2.820230090871364559e-02 1.838532849850192663e-02 5.070538537277186064e-02 1.909410173757938867e-02 9.941829686791155141e-02 2.060619611611785168e-02 3.399282072613573485e-02 2.097440442970118640e-02 5.958308693724249233e-02 2.173358627658188852e-02
8.000000000000000000e+04 8.206978244747802076e-02 1.795537514956305203e-02 2.701824769657950112e-02 1.844727664706404327e-02 5.051229435900606024e-02 1.915894576244993319e-02 9.705914677403008894e-02 2.124142642022627467e-02 3.215464588341889612e-02 2.175361460243266376e-02 5.942563966056296082e-02 2.181342304861122808e-02
8.100000000000000000e+04 8.718349326931992826e-02 2.091212992392863304e-02 3.015094090350457431e-02 2.217493622635420200e-02 5.123023454011895600e-02 2.047170286041135115e-02 9.529651160781865693e-02 2.402188947322754162e-02 3.019505087665601620e-02 2.575372737438023224e-02 6.017675695389426010e-02 2.341929058084728579e-02
8.200000000000000000e+04 8.209690434556131400e-02 1.770888600939614713e-02 2.729900914853190114e-02 1.805646119706219577e-02 5.035842907004801916e-02 1.896550495473297085e-02 9.718587150308106992e-02 2.088962760882006817e-02 3.260782005012601015e-02 2.116185138247103290e-02 5.926169980583697455e-02 2.158822350054682981e-02
8.300000000000000000e+04 8.182135173525402483e-02 1.783291297006673812e-02 2.715790103767744615e-02 1.814372066993066857e-02 5.023482997180901688e-02 1.897549251077593202e-02 9.691783785632977766e-02 2.106834799194910041e-02 3.247965362436665976e-02 2.133245346436537376e-02 5.913110504661069078e-02 2.161380223849519722e-02
8.400000000000000000e+04 8.114069266597023766e-02 1.829894342416574574e-02 2.659968340372223169e-02 1.870892127146847606e-02 5.020969543456005324e-02 1.927076741114733260e-02 9.600538584122793317e-02 2.172115256912756157e-02 3.166360483560991951e-02 2.223083812282543315e-02 5.912492909780153738e-02 2.198659537878342937e-02
8.500000000000000000e+04 8.234609246069789223e-02 1.720540376912308572e-02 2.824304279686730076e-02 1.741490030303066705e-02 5.052728757529068027e-02 1.872811239651211990e-02 9.752016227827071948e-02 2.008804582524416002e-02 3.383590027826919450e-02 2.006550681234286690e-02 5.951032162012528937e-02 2.129497946078349677e-02
8.600000000000000000e+04 8.134843938465730062e-02 1.784323826601183494e-02 2.711048094891602145e-02 1.799551610317622063e-02 4.989428150761975045e-02 1.886255782561924860e-02 9.624273973781229119e-02 2.113151274927826603e-02 3.231883676662433702e-02 2.124757966492385117e-02 5.880151424916610359e-02 2.149340676410534112e-02
8.700000000000000000e+04 8.139156310353110046e-02 1.766278981967179737e-02 2.729062987742860227e-02 1.776804457048030209e-02 4.977687992390319310e-02 1.877601403881131933e-02 9.627856547825296152e-02 2.088292884266938071e-02 3.254426047714720910e-02 2.091188336880286935e-02 5.869067402670765515e-02 2.138899666954135678e-02
8.800000000000000000e+04 8.109366315232453826e-02 1.777303620297409140e-02 2.710702546498178211e-02 1.783711526997503252e-02 4.970478674505070249e-02 1.878680291407664946e-02 9.578939451368650992e-02 2.107896887676580580e-02 3.218270790139100140e-02 2.110709233495573073e-02 5.864168269142010226e-02 2.141426858526508659e-02
8.900000000000000000e+04 8.131970782252551100e-02 1.746419610168926592e-02 2.752518500108431729e-02 1.742493039833633434e-02 4.962518844051602013e-02 1.860258873625622589e-02 9.594760918958188112e-02 2.067491079834623754e-02 3.265019932212822468e-02 2.053115308305496559e-02 5.858130306879608118e-02 2.119186169474960441e-02
9.000000000000000000e+04 8.101988212587198090e-02 1.759578920048627745e-02 2.736836133069433727e-02 1.751366460297499456e-02 4.940510608765937006e-02 1.861162363494012900e-02 9.576504513478908964e-02 2.085136918576294476e-02 3.257606746826884059e-02 2.067169877650100809e-02 5.837259956844622483e-02 2.121387335395547719e-02
9.100000000000000000e+04 8.084901599126395610e-02 1.761477964949159300e-02 2.733703941455969608e-02 1.751727891215751343e-02 4.921868785033723520e-02 1.864931640088281911e-02 9.521259690883596138e-02 2.094152836228032818e-02 3.223038781178075990e-02 2.079121703685065520e-02 5.819439820494511778e-02 2.126529646296594633e-02
9.200000000000000000e+04 9.210421164318509379e-02 2.075740238750330494e-02 3.361242490131421262e-02 2.168902497129967036e-02 5.027671734191355157e-02 1.988055668470024157e-02 9.505559761607620950e-02 2.350376502139180784e-02 3.026984569872762793e-02 2.434808748656062255e-02 5.914776829292546501e-02 2.277952652388702190e-02
9.300000000000000000e+04 8.035581593467769346e-02 1.769268663735751659e-02 2.726784704508260215e-02 1.754562635241811719e-02 4.889695688354839254e-02 1.864726086857571713e-02 9.519008741409992758e-02 2.100172700850387597e-02 3.264847406186932588e-02 2.077750645652842731e-02 5.794333865371314313e-02 2.129522559128120551e-02
9.400000000000000000e+04 8.188101615897934449e-02 1.729979932512254112e-02 2.895004217836138344e-02 1.690554377880029366e-02 4.918244968093598429e-02 1.841790292368917711e-02 9.705373941621205092e-02 2.009082322337636672e-02 3.499402442629664239e-02 1.937611344271719660e-02 5.833891657167132594e-02 2.100901224048811952e-02
9.500000000000000000e+04 8.223216410419664779e-02 1.636725054620532735e-02 2.958114681912954111e-02 1.624422494875070802e-02 4.935955659917813654e-02 1.843176730273864139e-02 9.526023559799266793e-02 1.954899750039076553e-02 3.438116120737457621e-02 1.931480673130219275e-02 5.844933405508759977e-02 2.099197376889113884e-02
9.600000000000000000e+04 8.011759027725229299e-02 1.719706546614073114e-02 2.817776543403998843e-02 1.674756720228477019e-02 4.805091110706473378e-02 1.829503342334889981e-02 9.482245665408076118e-02 2.043177595235455904e-02 3.362632357907441305e-02 1.978740306975103336e-02 5.716212430377054510e-02 2.089543895722396558e-02
9.700000000000000000e+04 7.972468882192175477e-02 1.721696157673198099e-02 2.825727182713869134e-02 1.668074853214750533e-02 4.765486284909173365e-02 1.832224879249269578e-02 9.385270778354394550e-02 2.058881435360224860e-02 3.316174930751439320e-02 1.989832374250197211e-02 5.675254589742683570e-02 2.094280730872029317e-02
9.800000000000000000e+04 7.985364797944743964e-02 1.667888272861845628e-02 2.911772554256407755e-02 1.600834463996683721e-02 4.756905299646231600e-02 1.810478445788969021e-02 9.433516179906971388e-02 1.984664301306771420e-02 3.454837863073889626e-02 1.893155781426093115e-02 5.671840310963851411e-02 2.069417407069905346e-02
9.900000000000000000e+04 7.877262652898239792e-02 1.708303353864904645e-02 2.876866436365585478e-02 1.626230560504394670e-02 4.675124168792205159e-02 1.814912553588211852e-02 9.315303551206526034e-02 2.045524548708685039e-02 3.406359029674840139e-02 1.939430994634307182e-02 5.590394944913777003e-02 2.077691106997854240e-02
1.000000000000000000e+05 8.068236795865543765e-02 1.677632009824307074e-02 3.104096838117284540e-02 1.579694465281092017e-02 4.670320841496659187e-02 1.791315690316733558e-02 9.543572863857704980e-02 1.948089704240577036e-02 3.757445010267037450e-02 1.774311115594344110e-02 5.603395779074506894e-02 2.049120202520968853e-02
1.010000000000000000e+05 7.748926203479604424e-02 1.687983668960700567e-02 2.951903426017731674e-02 1.558445387429031360e-02 4.540290115788079423e-02 1.793797172658315175e-02 9.175197263559616012e-02 2.024662459943337225e-02 3.499888227046974581e-02 1.862619485667694683e-02 5.454917685617038936e-02 2.056552904887127761e-02
1.020000000000000000e+05 7.661671728970421980e-02 1.665898968211853085e-02 3.006132424230966577e-02 1.496546398025991841e-02 4.455269944447785846e-02 1.773765388904053816e-02 9.060007070879898261e-02 2.004750807886388972e-02 3.538105444120310389e-02 1.795421425970783122e-02 5.361973277100989810e-02 2.035096166399635517e-02
1.030000000000000000e+05 7.533296452419122047e-02 1.662231937426641298e-02 3.033862298819969827e-02 1.443958495897609134e-02 4.347931965145310912e-02 1.757024685784996931e-02 8.919627202892474460e-02 2.000258289827221148e-02 3.576042690019476389e-02 1.735270850034663706e-02 5.247279122110414668e-02 2.018379693413810405e-02
1.040000000000000000e+05 7.395454684501791276e-02 1.708788087569366662e-02 3.041415911292965485e-02 1.477862398317716756e-02 4.223358659686631683e-02 1.753003796462061781e-02 8.653846574464452157e-02 2.068960942538585965e-02 3.424934943718484226e-02 1.740051987186526025e-02 5.090818339119037444e-02 2.016401396065471349e-02
1.050000000000000000e+05 7.102180039591383942e-02 1.691744956443893416e-02 3.019532975086113707e-02 1.324354801732528439e-02 4.010832544580153480e-02 1.720484442900160199e-02 8.424343652412659422e-02 2.026215343501918884e-02 3.557476555035973820e-02 1.596921565058874101e-02 4.863616453720892574e-02 1.980514742156175637e-02
1.060000000000000000e+05 6.741100930951267334e-02 1.774674040438435282e-02 2.895186666738719730e-02 1.394328037412648734e-02 3.765444620599164155e-02 1.735344439221404855e-02 7.961208578197082053e-02 2.151420200387594434e-02 3.281734885329499335e-02 1.587018364032941400e-02 4.572867445628922556e-02 1.995251262468199574e-02
1.070000000000000000e+05 6.520854487580808601e-02 1.972235854374038144e-02 3.040863420168422523e-02 1.269751769782498027e-02 3.352339940344485625e-02 1.744600844655304003e-02 7.715629153245724681e-02 2.087799858384840890e-02 3.665659289260094628e-02 1.426493856373855541e-02 4.082802697206707604e-02 2.015311151455981276e-02
1.080000000000000000e+05 5.815179529910134010e-02 1.823015321830933136e-02 2.397390469457015214e-02 1.132677624493985506e-02 2.969252228057665116e-02 1.745553489259010771e-02 6.897949310492267061e-02 2.190216889247596777e-02 2.842633564775144672e-02 1.353790717913215882e-02 3.607117840721366098e-02 2.014600914613315363e-02
1.090000000000000000e+05 5.507863936903345525e-02 2.080788806579604577e-02 1.949101312328615013e-02 1.514579366743134224e-02 2.803349107512110444e-02 1.792908722369508656e-02 6.527240417563240360e-02 2.326476046452303700e-02 2.326897008609293480e-02 1.435854363640274960e-02 3.387378103474256164e-02 2.076063043708325367e-02
1.100000000000000000e+05 5.537357530488444535e-02 2.690794224726826903e-02 1.824327179413978706e-02 2.187572753636629272e-02 2.748532200950985771e-02 1.836942730346001820e-02 6.559109719826849982e-02 2.462514120512125995e-02 2.204167295419669909e-02 1.546639137472185024e-02 3.330318538171925941e-02 2.130877265004903209e-02
1.110000000000000000e+05 5.178454723460559905e-02 1.920612204231273920e-02 1.736209828945298531e-02 1.304999631743130294e-02 2.588164783514454101e-02 1.684288120792755070e-02 6.131077739342348509e-02 2.252439424023207348e-02 2.100487137254496844e-02 1.453574924294189809e-02 3.155003282653793401e-02 1.958927302390073982e-02
1.120000000000000000e+05 5.068833326973592318e-02 1.874342651752633482e-02 1.719400565907354059e-02 1.264756656479402129e-02 2.532695003154527072e-02 1.640768892458373956e-02 6.003292508236088287e-02 2.253159055703231328e-02 2.084361614762199680e-02 1.489048161199335585e-02 3.106786447451950761e-02 1.909816821484936269e-02
1.130000000000000000e+05 4.962325050513308883e-02 1.860425093634306831e-02 1.706639998887586260e-02 1.257859946577757730e-02 2.490502011314195061e-02 1.610492284548223005e-02 5.877512937087534667e-02 2.252490255190751217e-02 2.073716778685751050e-02 1.499049897129388353e-02 3.073756406153913684e-02 1.874000161264568684e-02
1.140000000000000000e+05 4.898916616654509781e-02 1.871943876709667928e-02 1.745271210887082425e-02 1.276147695459937254e-02 2.449896958240563652e-02 1.577350180051552420e-02 5.806519288701056380e-02 2.284380515499334283e-02 2.120933971122383396e-02 1.545308920825806849e-02 3.042381686199811461e-02 1.839086962167166966e-02
1.150000000000000000e+05 4.774313351595910887e-02 1.825068719095210984e-02 1.668903247006181881e-02 1.256850038133445167e-02 2.400589680962718353e-02 1.556165146746645196e-02 5.655171176797818555e-02 2.194042738219804597e-02 2.033316646484185572e-02 1.467161784492115352e-02 3.004863390646547727e-02 1.809280112236831550e-02
1.160000000000000000e+05 4.694439383195427723e-02 1.805976363993501421e-02 1.678462468644066272e-02 1.240914894265458986e-02 2.358879955241569362e-02 1.525656728498501168e-02 5.562874672109757029e-02 2.186307518266096539e-02 2.046819249688167086e-02 1.463123948802712293e-02 2.974373943361586711e-02 1.774293953753813477e-02
1.170000000000000000e+05 4.681639771018728663e-02 1.860175316005106480e-02 1.781776154654040115e-02 1.283658108627500072e-02 2.329768081202640215e-02 1.497778871636861429e-02 5.551383399832089671e-02 2.287938498250534705e-02 2.172649304430691181e-02 1.553568891042712320e-02 2.955686771332366111e-02 1.745988320083336279e-02
1.180000000000000000e+05 4.545386172582507878e-02 1.774206657655057195e-02 1.698610282555063425e-02 1.210574768083634567e-02 2.285967765641653063e-02 1.470700337850913524e-02 5.389869782006152105e-02 2.159072627438423861e-02 2.074490515271070964e-02 1.429731319205905168e-02 2.930854668949649591e-02 1.710880017299288083e-02
1.190000000000000000e+05 4.527863450992877098e-02 1.762490446525239243e-02 1.783201307651290438e-02 1.174929406340756606e-02 2.264747029616115404e-02 1.441346448298096335e-02 5.371224928610005694e-02 2.183518253268123058e-02 2.179384911352025972e-02 1.423304498260928933e-02 2.924596119359821472e-02 1.680697996847066444e-02
1.200000000000000000e+05 4.406385582281808350e-02 1.749848056481194750e-02 1.713389425270078759e-02 1.187968254024729386e-02 2.221331705085021271e-02 1.421375998182704270e-02 5.228134173598599638e-02 2.142521413714859255e-02 2.094978537097647378e-02 1.403077268024494582e-02 2.903800198495738727e-02 1.653982194899174252e-02
1.210000000000000000e+05 4.344728124961374366e-02 1.736970817558564778e-02 1.724767183255402486e-02 1.171824704011822753e-02 2.190392278773502927e-02 1.397467804459676284e-02 5.157050753375767155e-02 2.138448291148441552e-02 2.110484062300310368e-02 1.388836175858357627e-02 2.894178828789224084e-02 1.626765740960607609e-02
1.220000000000000000e+05 4.282477002349560635e-02 1.729655284291710046e-02 1.725887680704510721e-02 1.165156895001752922e-02 2.161339241971592037e-02 1.376344391260361961e-02 5.084460638919155451e-02 2.129772651878052148e-02 2.113020594003180500e-02 1.370865502715822547e-02 2.890758223887330766e-02 1.602406996974484188e-02
1.230000000000000000e+05 4.223813914457227175e-02 1.715990651925801413e-02 1.740328873829473030e-02 1.144459153398812157e-02 2.131191707448971268e-02 1.353055186389736514e-02 5.017282577356439038e-02 2.134635186999151238e-02 2.133299260389464810e-02 1.361104257846796478e-02 2.886674235977160566e-02 1.576274106787618062e-02
1.240000000000000000e+05 4.167138886329420366e-02 1.705957638934081297e-02 1.746631934061095015e-02 1.126656913996384492e-02 2.103274223274419208e-02 1.333129048626118841e-02 4.952091230932559318e-02 2.134362803543571677e-02 2.143237865848850524e-02 1.341246027005976033e-02 2.892177268107003554e-02 1.553809051599230016e-02
1.250000000000000000e+05 4.106414267881355190e-02 1.701357793270820429e-02 1.748744673355898116e-02 1.114326879442545382e-02 2.075810609426536127e-02 1.315433059003328665e-02 4.882145467933846072e-02 2.135926319302177898e-02 2.147415533075926891e-02 1.320894598005184668e-02 2.904549349653286899e-02 1.533664555571387714e-02
1.260000000000000000e+05 4.050185506785367734e-02 1.895220749155023324e-02 1.703872386198474614e-02 1.326151976686290243e-02 2.070142478080395573e-02 1.338147372213772945e-02 4.810836150965722147e-02 2.182620506415688597e-02 2.099791486914020719e-02 1.377129838181103197e-02 2.973408600688569325e-02 1.560662110251835426e-02
1.270000000000000000e+05 4.012954582937261483e-02 1.676933541327298854e-02 1.793457814771495101e-02 1.056375123249676633e-02 2.021809858730427498e-02 1.278914808270625349e-02 4.776597587531348360e-02 2.153539551674821251e-02 2.215474439732621759e-02 1.267124815788317656e-02 2.982645816707984662e-02 1.492487306232979927e-02
1.280000000000000000e+05 3.930500521341985520e-02 1.683184317248678785e-02 1.744214153629260536e-02 1.075493998677921025e-02 1.992071161605933269e-02 1.273219206001157018e-02 4.684408066337824444e-02 2.219722117413971268e-02 2.161830634282350255e-02 1.311091594208849478e-02 3.083472441523303284e-02 1.485256667509977577e-02
1.290000000000000000e+05 3.938277528601227123e-02 1.702273676938719296e-02 1.773130821802044663e-02 1.073667675360971512e-02 1.966734900674130260e-02 1.266764209085184494e-02 4.697285522567469507e-02 2.283184239330051171e-02 2.223282073848421858e-02 1.305551036805302663e-02 3.314180869867862367e-02 1.477231902549288114e-02
1.300000000000000000e+05 3.834155679502078418e-02 1.683166797507507431e-02 1.741125355800591731e-02 1.054124440901410553e-02 1.922497881665397035e-02 1.260968413735932304e-02 4.591380312407450370e-02 2.427443191850450765e-02 2.210011239520967216e-02 1.319262877966392335e-02 3.795901848325333033e-02 1.468998629235256093e-02
1.310000000000000000e+05 3.758882828480528127e-02 1.743920953253449979e-02 1.680469529431405720e-02 1.163251193414209517e-02 1.884370105022116840e-02 1.303511885741793531e-02 4.520275628300428339e-02 2.945240261513656227e-02 2.189447225019044638e-02 1.630450191642061550e-02 4.973377164099949954e-02 1.520387760155831290e-02
1.320000000000000000e+05 3.710546068490087196e-02 1.663938647445135574e-02 1.730740519768221228e-02 1.015086620238747107e-02 1.770274883638652333e-02 1.258971134507555663e-02 4.492784798799526191e-02 3.440745404770142318e-02 2.379461726799832894e-02 1.655790556223024623e-02 6.834941780592089511e-02 1.477749982356266721e-02
1.330000000000000000e+05 3.621091330728082314e-02 1.656769451676518012e-02 1.704938031078711419e-02 9.950748367981963188e-03 1.702340467688501224e-02 1.254505882170631713e-02 4.412025498441691368e-02 4.095040666466434609e-02 2.450724768998695929e-02 1.873209925266439493e-02 8.898804139339745733e-02 1.488109764514881743e-02
1.340000000000000000e+05 3.509177770997926743e-02 1.731581105723921724e-02 1.600275142840523745e-02 1.147928212505505176e-02 1.693335999988609952e-02 1.298673084670897218e-02 4.302202184342449748e-02 4.750029040784457118e-02 2.414083947536799918e-02 2.206727415896522423e-02 1.093902171912711357e-01 1.559827775048963985e-02
1.350000000000000000e+05 3.411369553879396721e-02 1.625086398015312614e-02 1.634140376876285980e-02 9.570066207054887461e-03 1.601821854228848221e-02 1.249029382346071408e-02 4.227225523736383855e-02 5.301470833815525446e-02 2.531881334375698026e-02 2.216088691241895753e-02 1.289709492464870821e-01 1.516492801265075310e-02
1.360000000000000000e+05 3.269468253589987577e-02 1.608949309671129507e-02 1.599780405694004037e-02 9.262334921605455684e-03 1.515750226124983058e-02 1.243456801799991580e-02 4.143805389334333927e-02 6.056527832655857202e-02 2.601378335038566358e-02 2.422465253879849470e-02 1.531997171381398459e-01 1.546966193639432927e-02
1.370000000000000000e+05 3.137694256620122968e-02 1.603573349128070008e-02 1.579946946712602537e-02 8.809454704471184061e-03 1.444055603407327915e-02 1.223358392091272208e-02 4.086583514466744782e-02 6.726264767606321415e-02 2.722986453448814070e-02 2.604394773048514591e-02 1.775659944738370022e-01 1.574082216011678942e-02
1.380000000000000000e+05 3.020864479065513836e-02 1.612509797115428689e-02 1.553909878639650292e-02 8.739188294634589460e-03 1.400307533582353763e-02 1.210704270213746464e-02 4.056363285866902701e-02 7.407476325918883886e-02 2.816813539340844511e-02 2.818735007557954600e-02 2.025226923171307425e-01 1.613038386426328755e-02
1.390000000000000000e+05 2.918800647719861641e-02 1.595942169576922143e-02 1.520714806796680772e-02 8.399602437835506502e-03 1.368104333578123652e-02 1.203130278754338187e-02 4.068392453527448771e-02 8.029027059001968281e-02 2.886175799643603615e-02 2.955176257333907638e-02 2.279729345289440157e-01 1.651531627179423853e-02
1.400000000000000000e+05 2.826708502260928679e-02 1.588004089072733022e-02 1.499826041168635972e-02 8.208665627521719022e-03 1.335257583202814971e-02 1.194864411216701484e-02 4.103320379344192748e-02 8.688350035439636188e-02 2.968842619097092350e-02 3.110942908240019872e-02 2.543495165537489333e-01 1.685939306924344808e-02
1.410000000000000000e+05 2.721255640409350404e-02 1.601908992596990863e-02 1.447741191350341780e-02 8.599933720448146163e-03 1.305255177950520422e-02 1.189317187925229523e-02 4.142789985088710797e-02 9.499055026161130899e-02 3.033275459323467316e-02 3.382547850959622543e-02 2.845036290118888034e-01 1.731313641618932239e-02
1.420000000000000000e+05 2.649429871275347376e-02 1.580555995598668592e-02 1.444921115738725254e-02 8.018862534139614348e-03 1.270530719746997862e-02 1.174125142968875969e-02 4.228900698878941544e-02 1.013225708307772810e-01 3.138475474248061947e-02 3.456559439261058103e-02 3.124563732469273214e-01 1.743585600046717102e-02
1.430000000000000000e+05 2.579099243246006992e-02 1.630223607126594226e-02 1.390510554167340498e-02 8.829857562996160092e-03 1.255208427962294093e-02 1.179676448078130838e-02 4.340886607385014556e-02 1.089502080943525741e-01 3.192345648893086391e-02 3.676658412665864684e-02 3.449941334391001257e-01 1.785030300400541892e-02
1.440000000000000000e+05 2.476642125996195501e-02 1.606208867905234428e-02 1.390902164903490799e-02 8.483745992194008378e-03 1.206837520611728394e-02 1.165233550046406927e-02 4.443995744890687216e-02 1.176210956737975682e-01 3.345641871424843983e-02 3.895558514742553102e-02 3.785670659498099333e-01 1.793117735940391935e-02
1.450000000000000000e+05 2.420587552536350093e-02 1.595512916932072603e-02 1.361563279237351133e-02 8.272580674354599803e-03 1.183190693695748003e-02 1.159274973112345633e-02 4.605490524215365838e-02 1.237774813454360356e-01 3.427614735287006636e-02 3.956426929695393280e-02 4.100409746917794696e-01 1.794248443445965388e-02
1.460000000000000000e+05 2.349531004044355664e-02 1.569249048399149263e-02 1.376553423777125869e-02 7.613683438780645928e-03 1.148815796358356421e-02 1.146547090306103411e-02 4.766438074871447855e-02 1.305772842018563251e-01 3.574129833347638313e-02 4.021464312410930053e-02 4.410299456460098355e-01 1.779081061598347668e-02
1.470000000000000000e+05 2.284326967575630099e-02 1.565646201157686393e-02 1.354494614062305355e-02 7.587547778756829897e-03 1.117005928036460434e-02 1.142502212308595978e-02 4.959239298162795850e-02 1.376394527758705300e-01 3.693274023651062221e-02 4.134134557682152267e-02 4.753646892923110712e-01 1.772205512763743579e-02
1.480000000000000000e+05 2.228245008242626599e-02 1.585727329195524976e-02 1.321447803129948903e-02 7.941029395061350443e-03 1.100182292606803440e-02 1.147996436628648254e-02 5.187720542362818377e-02 1.449613001747830088e-01 3.792223195870023794e-02 4.274357280802529302e-02 5.114977644473767127e-01 1.775072087297567547e-02
1.490000000000000000e+05 2.166699171753547551e-02 1.559553945650990654e-02 1.344265453039545158e-02 7.254994417231971048e-03 1.067583137108473607e-02 1.137270467425300670e-02 5.416867495765012586e-02 1.511689098243094997e-01 3.956524507460720819e-02 4.284469042450888415e-02 5.429244663410690563e-01 1.744322765368179831e-02
1.500000000000000000e+05 2.111470490992750290e-02 1.554558076309264791e-02 1.321244105407552716e-02 7.252390470340579903e-03 1.036415727359594335e-02 1.133266796756634935e-02 5.696733787452416820e-02 1.580353198693578154e-01 4.083119605088123688e-02 4.365767176391843057e-02 5.797796073894383451e-01 1.725222040189956091e-02
1.510000000000000000e+05 2.144683162456157213e-02 1.786488033771320427e-02 1.247332276959067093e-02 1.111199917848597687e-02 1.108154927691334772e-02 1.233163945395433433e-02 6.121592189619993324e-02 1.690468826055228080e-01 4.173979633085331264e-02 4.843658133348878458e-02 6.316343244574518234e-01 1.842948771618793669e-02
1.520000000000000000e+05 2.009960085440281805e-02 1.571167920594273779e-02 1.268298569889287318e-02 7.543282047747290608e-03 9.959398259539160511e-03 1.139780053325933386e-02 6.335060097052323813e-02 1.718694563008125176e-01 4.328121951251846788e-02 4.522770707881183100e-02 6.558138778389639434e-01 1.699077029800972680e-02
1.530000000000000000e+05 1.994865844963935111e-02 1.548556909905456080e-02 1.370659578245280071e-02 6.612446347254800558e-03 1.004687428640512782e-02 1.137876568952139213e-02 6.607645387882243870e-02 1.738773932755636742e-01 4.514623721380358473e-02 4.331275726568169226e-02 6.739874943941385199e-01 1.659976126381281641e-02
1.540000000000000000e+05 1.921924434745495361e-02 1.541835266623705659e-02 1.273799528255918634e-02 6.891776332988097664e-03 9.509278728938017067e-03 1.127358414618319718e-02 7.015727219528161696e-02 1.830696402837330705e-01 4.600578511664309839e-02 4.492119112041866036e-02 7.224085596313585267e-01 1.636466028984883900e-02
1.550000000000000000e+05 1.881180352991000324e-02 1.539415160423886035e-02 1.268866226762992155e-02 6.781534433629982268e-03 9.308798526000146289e-03 1.125581620463882680e-02 7.395470357979244680e-02 1.889761323709616692e-01 4.736385022568438685e-02 4.498177851550404227e-02 7.575158775703033642e-01 1.611636859017613610e-02
1.560000000000000000e+05 1.839990054927443178e-02 1.538297411962850046e-02 1.242026237365212102e-02 6.850688384843846637e-03 9.140725307834334998e-03 1.127394129900962869e-02 7.812200023294568751e-02 1.949513525803457381e-01 4.851474622314760204e-02 4.512886872850392639e-02 7.950231517005673654e-01 1.593899184031873084e-02
1.570000000000000000e+05 1.804755764897068848e-02 1.532194853817389450e-02 1.246213472512845873e-02 6.628680252542843050e-03 8.947568352082912665e-03 1.124443083540777044e-02 8.242641179642332117e-02 2.003395550541237635e-01 4.991486618417153437e-02 4.480557401151385316e-02 8.292867873935269030e-01 1.567955588519623703e-02
1.580000000000000000e+05 1.763159868599639690e-02 1.541431826866079477e-02 1.215193582368371064e-02 6.860023306613757636e-03 8.841977115437063550e-03 1.130916691921639815e-02 8.730057649962714994e-02 2.071478803700555205e-01 5.107980279152961323e-02 4.528739100723080946e-02 8.708034641075694804e-01 1.559579550584169576e-02
1.590000000000000000e+05 1.732894354200179010e-02 1.523673735322073411e-02 1.217166697196368948e-02 6.550175239180387396e-03 8.629897059097731138e-03 1.123919598882561384e-02 9.173306104137290973e-02 2.113589060612620640e-01 5.235299384935700878e-02 4.442367462755186791e-02 9.016447885149294628e-01 1.529739526974970704e-02
1.600000000000000000e+05 1.701831885605996006e-02 1.518434433481470093e-02 1.206387901139600871e-02 6.482858571861668459e-03 8.465715908593634750e-03 1.122830235205254761e-02 9.664113139601220037e-02 2.166398404357911256e-01 5.360311057894521364e-02 4.406571862315203369e-02 9.374204520559888953e-01 1.511196027500836744e-02
1.610000000000000000e+05 1.671807209536929281e-02 1.549206633752889424e-02 1.152820280797973301e-02 7.440376257927643934e-03 8.510521104937321044e-03 1.146593599157922326e-02 1.028564885510020455e-01 2.249668830885668269e-01 5.490375374603331804e-02 4.544173031977557370e-02 9.887050232694936103e-01 1.529485035440961496e-02
1.620000000000000000e+05 1.721970029343886099e-02 1.768847541231291162e-02 1.208186995081373012e-02 9.222695678193712499e-03 8.627419584368344399e-03 1.159083348603078684e-02 1.066661254285068000e-01 2.250932080885693354e-01 5.561049836041940392e-02 4.401782454774461756e-02 9.995828527456199764e-01 1.525967667956825910e-02
1.630000000000000000e+05 1.616088632429099267e-02 1.500924165160147893e-02 1.182190505850036662e-02 6.214416042665100136e-03 8.049936048570410438e-03 1.119518184558429032e-02 1.120549447204475663e-01 2.311568764354760275e-01 5.716432691666249039e-02 4.245864450655952721e-02 1.040580060678838015e+00 1.464914992954078135e-02
1.640000000000000000e+05 1.591669138888086518e-02 1.495351689913726814e-02 1.175128568243360982e-02 6.137907110251405833e-03 7.932499747727025236e-03 1.118649227817103582e-02 1.174818805736502214e-01 2.354272345258378030e-01 5.827371219895556564e-02 4.172468833010380129e-02 1.073324423955075657e+00 1.453254979379616993e-02
1.650000000000000000e+05 1.572397629711236311e-02 1.537880542140549964e-02 1.144291656025970064e-02 6.763246605679061260e-03 7.883506524868863843e-03 1.127642484823622275e-02 1.234080485598085669e-01 2.407407837055636213e-01 5.928049176916262708e-02 4.165285673702733699e-02 1.111976731873056012e+00 1.457375354548906717e-02
1.660000000000000000e+05 1.560585636115954279e-02 1.561097059562924043e-02 1.114534233090662581e-02 7.386469320285631891e-03 7.902790153827964070e-03 1.143121550181176033e-02 1.299553229569093693e-01 2.472119479841420331e-01 6.042093541053319278e-02 4.206709365849069238e-02 1.154935885132035933e+00 1.471879729880444694e-02
1.670000000000000000e+05 1.528402838360910614e-02 1.487427869145414860e-02 1.163923615124125288e-02 5.938849861207065248e-03 7.640653533235427890e-03 1.116470463226813988e-02 1.339688026748485639e-01 2.473847959665960994e-01 6.145574505038580576e-02 3.933345797188705223e-02 1.167375907209170727e+00 1.428902228676579532e-02
1.680000000000000000e+05 1.494670361265606345e-02 1.491952526179339197e-02 1.118051295502940634e-02 6.314778491821750050e-03 7.503085571096652223e-03 1.120935433913385765e-02 1.409315708054234839e-01 2.542165168293471500e-01 6.255148766318949227e-02 3.958063087542069286e-02 1.213146421809422559e+00 1.434911029091602563e-02
1.690000000000000000e+05 1.486325923803249495e-02 1.485607257950251163e-02 1.123401892087031589e-02 6.066101840582402253e-03 7.351074003168049133e-03 1.120620803386315409e-02 1.475919227668022748e-01 2.593034683786828443e-01 6.398386448055431996e-02 3.887289602943053840e-02 1.249768104897666543e+00 1.430979773249775253e-02
1.700000000000000000e+05 1.446352643621123292e-02 1.454532217165693461e-02 1.118369669528069231e-02 5.759375262278480789e-03 7.277112991174726139e-03 1.113723342119586797e-02 1.525117452886330383e-01 2.617678125110304843e-01 6.460599874216678418e-02 3.761717206151683063e-02 1.273060525436637613e+00 1.422904640072879257e-02
1.710000000000000000e+05 1.427159187299957208e-02 1.449451209164681273e-02 1.111591981911855612e-02 5.695896054696980224e-03 7.125996405786741775e-03 1.112903731866143539e-02 1.589251481920057885e-01 2.664045472129924486e-01 6.572645891382750127e-02 3.699099852403262695e-02 1.307452466055550211e+00 1.423018114752239160e-02
1.720000000000000000e+05 1.405678219294611946e-02 1.442723029944916607e-02 1.103093776693839581e-02 5.641025268922658480e-03 7.021788278424991557e-03 1.111779228930267691e-02 1.652811317539578384e-01 2.704438962905862387e-01 6.668824547305229888e-02 3.621639118927617862e-02 1.339745989521035741e+00 1.425271653916734133e-02
1.730000000000000000e+05 1.398853532653507488e-02 1.481668063218211095e-02 1.058184176742098075e-02 6.624984703784819046e-03 7.120273188720756784e-03 1.128010800915427679e-02 1.729813693828381738e-01 2.765695785052378342e-01 6.757870188164573355e-02 3.660317670894006753e-02 1.384482564560632234e+00 1.453615403615618126e-02
1.740000000000000000e+05 1.386904780907231155e-02 1.489424304252005837e-02 1.102961477739568437e-02 6.079892853026293634e-03 7.138246845805735347e-03 1.115540460015974206e-02 1.764961741283902208e-01 2.752485200495945472e-01 6.800438244914014385e-02 3.423361703402693496e-02 1.388223216470386712e+00 1.438294493164090845e-02
1.750000000000000000e+05 1.341591553738849356e-02 1.418037692399557077e-02 1.068062573324048310e-02 5.502162066481405996e-03 6.789089380893295958e-03 1.108052100646003332e-02 1.845658206921856892e-01 2.821903730642302821e-01 6.931440887574033538e-02 3.386568230187708695e-02 1.435071994410558549e+00 1.439241311727685463e-02
1.760000000000000000e+05 1.375610808111615325e-02 1.626880223992367702e-02 1.119983985238443176e-02 7.341137217501563818e-03 7.229078594470921167e-03 1.133959411766212455e-02 1.883198398840510712e-01 2.808200784846920373e-01 6.957621170575321867e-02 3.282690926161954681e-02 1.438016637993346558e+00 1.474304336292209423e-02
1.770000000000000000e+05 1.306536786160382435e-02 1.398178359009987458e-02 1.058254046316829157e-02 5.329524552039317450e-03 6.658906666955100549e-03 1.105128073879394282e-02 1.973257879647706825e-01 2.886164547867711150e-01 7.084844968569450896e-02 3.201555881060962061e-02 1.491698230740673869e+00 1.452674083052590825e-02
1.780000000000000000e+05 1.287193909899955226e-02 1.390524896036079809e-02 1.045296796875537504e-02 5.303004340406976963e-03 6.540378691719021809e-03 1.102574751185775130e-02 2.043660943411365616e-01 2.929505629954721191e-01 7.173114383590871446e-02 3.139235813611779280e-02 1.526008948411243793e+00 1.460513900455526030e-02
1.790000000000000000e+05 1.263802559116944564e-02 1.403243474298379763e-02 1.016469642908336343e-02 5.620320277691795603e-03 6.478046100749866240e-03 1.107918678476088950e-02 2.127197047078742964e-01 2.993939642185770578e-01 7.281030913559113915e-02 3.142022531811015235e-02 1.570670702199966406e+00 1.482311424207085997e-02
1.800000000000000000e+05 1.251145784617572164e-02 1.376360190281315093e-02 1.026937076086721981e-02 5.245824714211554975e-03 6.352930028602885373e-03 1.098501073151892000e-02 2.181439209009035374e-01 3.006210710769949834e-01 7.330048636411935770e-02 2.997769820874880350e-02 1.588497537199480059e+00 1.479542341029703445e-02
1.810000000000000000e+05 1.244923381329062981e-02 1.387293545697347585e-02 1.036850117031158126e-02 5.394461410626948811e-03 6.454734577949860878e-03 1.100394758214226672e-02 2.228793813174611282e-01 3.008134904970634071e-01 7.349184555072901803e-02 2.869546539318110212e-02 1.601663557904999813e+00 1.490692229676146910e-02
1.820000000000000000e+05 1.215053107581249257e-02 1.354870779476886888e-02 1.011220952185282705e-02 5.118648497897978003e-03 6.252247064932208755e-03 1.095554449331829702e-02 2.312606047245512886e-01 3.067440614146469957e-01 7.446557176275035717e-02 2.831731197072107423e-02 1.643583460951479003e+00 1.502363705828813935e-02
1.830000000000000000e+05 1.198721014206366973e-02 1.347112603431701618e-02 9.959105073930185972e-03 5.149558345663743548e-03 6.117295576346474910e-03 1.092233053492181610e-02 2.386543303572888353e-01 3.107545108163922709e-01 7.519506529544853213e-02 2.771000288913965520e-02 1.676862842592350633e+00 1.513097525512341161e-02
1.840000000000000000e+05 1.182386029367534300e-02 1.336476937806302910e-02 9.956016794092597058e-03 5.034106398161608716e-03 6.045282930272408498e-03 1.089275278208183539e-02 2.450038556505468590e-01 3.134899914757279249e-01 7.573575720541197986e-02 2.685415184250618953e-02 1.701161354878700571e+00 1.523612059512670022e-02
1.850000000000000000e+05 1.167578484820770701e-02 1.327703083947915329e-02 9.869724052630101524e-03 4.990337837987868404e-03 5.969001458798775701e-03 1.086707697455347940e-02 2.519410117551373340e-01 3.168412108529599647e-01 7.631272551930991244e-02 2.613822740313408166e-02 1.729759188019999616e+00 1.535269463425568102e-02
1.860000000000000000e+05 1.152345683942179906e-02 1.311767001288441543e-02 9.830830939503112931e-03 4.875057377359174639e-03 5.935024042535688195e-03 1.084166133585054426e-02 2.578329186146720575e-01 3.187091299700983149e-01 7.659917113219007201e-02 2.517622735059270311e-02 1.750283843024477815e+00 1.545598086475843437e-02
1.870000000000000000e+05 1.145383220162958515e-02 1.365318914521280146e-02 9.465133052870272970e-03 5.645438327277466431e-03 5.903978521259528427e-03 1.095389447719285515e-02 2.670974017836488246e-01 3.246307222484872135e-01 7.745828887727515544e-02 2.521834504917204109e-02 1.795224388746840649e+00 1.579873128878197044e-02
1.880000000000000000e+05 1.174503126982126208e-02 1.420380531274408747e-02 9.263891427415937505e-03 7.128499402780996870e-03 6.204032324119757025e-03 1.124321018387732830e-02 2.769840895783283741e-01 3.318080154014449445e-01 7.841947195327686471e-02 2.636847327082829373e-02 1.843635222235983306e+00 1.636145598342472404e-02
1.890000000000000000e+05 1.102796042816003505e-02 1.283763849954216128e-02 9.526318481698303406e-03 4.786364485757154535e-03 5.694393922955929416e-03 1.075963660275228162e-02 2.783977869129224403e-01 3.282238344454694867e-01 7.792974998431446976e-02 2.317276521282253879e-02 1.831782261426279979e+00 1.583764826676543891e-02
1.900000000000000000e+05 1.087724286169458945e-02 1.272706824085644874e-02 9.468959421657483985e-03 4.703743300353796335e-03 5.629701540005152549e-03 1.072843790479178529e-02 2.848470332832526153e-01 3.308180863480550404e-01 7.823336940190288302e-02 2.242490496022791352e-02 1.855003462354972266e+00 1.595033942717611133e-02
1.910000000000000000e+05 1.071057465793635692e-02 1.261658365120769953e-02 9.407590018004501065e-03 4.651449626185658222e-03 5.561890755091690453e-03 1.069636793088110487e-02 2.913586653129704995e-01 3.334978227288784569e-01 7.851353725952460449e-02 2.174830222756686526e-02 1.878653214575706665e+00 1.606060631930419924e-02
1.920000000000000000e+05 1.264266548539850175e-02 1.839647908984844149e-02 9.381387682738750664e-03 1.186710418956798442e-02 6.804549100460357061e-03 1.204466200456428063e-02 3.065558310300030564e-01 3.472126489936006588e-01 8.028291953416659410e-02 2.689401206910970246e-02 1.956450533637791978e+00 1.800094148419306705e-02
1.930000000000000000e+05 1.047007388871464863e-02 1.245359335267713641e-02 9.401350162502576657e-03 4.481776388372023592e-03 5.456911827663315541e-03 1.064014617009137985e-02 3.036857736308437028e-01 3.382102420477861582e-01 7.898333484911239377e-02 2.032160991667899402e-02 1.920165869498509537e+00 1.626717385896304935e-02
1.940000000000000000e+05 1.025600660463307952e-02 1.240176948394645928e-02 9.078705894004024737e-03 4.689973955872602483e-03 5.357551051482471391e-03 1.063750899313743725e-02 3.112982140915967477e-01 3.417207621335160983e-01 7.914188751447716330e-02 1.989768573621475758e-02 1.951487272524513150e+00 1.643925848908147497e-02
1.950000000000000000e+05 1.008298862023593312e-02 1.219211701965323795e-02 9.055980048424443207e-03 4.467102275751267879e-03 5.293893333475256126e-03 1.057810015911585765e-02 3.172322128238145300e-01 3.441419649629022803e-01 7.929352054054333854e-02 1.920314034297504815e-02 1.971147811311080522e+00 1.650115796545438204e-02
1.960000000000000000e+05 9.901312468346320714e-03 1.225154523185821055e-02 8.799254972232588984e-03 4.843932237945600301e-03 5.231836257199089409e-03 1.058642944923515218e-02 3.257630855678581572e-01 3.495138942917463964e-01 7.983280227752385938e-02 1.926360473954186192e-02 2.009684628328197054e+00 1.669052762875543675e-02
1.970000000000000000e+05 9.783480799565312178e-03 1.196706144170941837e-02 8.902141648779176783e-03 4.379711862123616094e-03 5.161530035877776555e-03 1.051024888433854838e-02 3.292846976147974503e-01 3.489600270001870785e-01 7.944976889266774922e-02 1.803556854129577391e-02 2.012479315890864040e+00 1.667619842199635077e-02
1.980000000000000000e+05 9.619644073094693604e-03 1.186289858075592445e-02 8.806559289718254857e-03 4.341081655872777202e-03 5.103096084051746140e-03 1.048143764417970060e-02 3.354783308061542457e-01 3.514303519897836181e-01 7.947577386590581883e-02 1.749052309994082385e-02 2.033112165176337527e+00 1.676716398068506600e-02
1.990000000000000000e+05 9.472503655939041103e-03 1.173901922521408681e-02 8.736384415211488272e-03 4.293497025223355808e-03 5.033591274735685177e-03 1.044363500889292605e-02 3.415558489204187365e-01 3.536513990091784687e-01 7.946519502110195587e-02 1.691899689725057804e-02 2.052720076735559118e+00 1.683396130917365341e-02
2.000000000000000000e+05 9.324898804904257696e-03 1.162520365028034408e-02 8.668733939892569670e-03 4.231609816434479809e-03 4.963796596932181990e-03 1.040179676677940347e-02 3.475084277245795161e-01 3.559131521404529375e-01 7.942753609034043649e-02 1.638015626525299306e-02 2.072043293239711037e+00 1.689041399658152906e-02
2.010000000000000000e+05 9.177066635682261386e-03 1.150461050613734923e-02 8.576127395886914626e-03 4.173938101113378388e-03 4.911140967477331358e-03 1.037160537697657398e-02 3.531829564196841131e-01 3.580304536250886183e-01 7.932856102646512753e-02 1.584920642564138088e-02 2.090226810327329154e+00 1.695657526770893292e-02
2.020000000000000000e+05 9.090626768328989929e-03 1.178985243065002776e-02 8.329435322078347984e-03 4.789136015739016254e-03 4.875944123291613141e-03 1.043982894061266063e-02 3.617700454921963238e-01 3.626452548356642880e-01 7.963927010758965752e-02 1.590207319287394519e-02 2.125773696100311305e+00 1.717338526894080300e-02
2.030000000000000000e+05 1.166345822054754879e-02 1.360816583761139710e-02 1.002343185028999051e-02 4.801749941482527477e-03 5.928794804139591972e-03 1.112579346961258854e-02 3.624699721371365535e-01 3.581520646196617030e-01 7.970415058994853585e-02 1.477256223755773513e-02 2.092738599547538492e+00 1.784150856428873624e-02
2.040000000000000000e+05 9.118781576608003814e-03 1.215327213831513507e-02 8.000672839695457603e-03 5.831515996827482326e-03 5.066870471583355927e-03 1.064412201074579553e-02 3.774672607974433602e-01 3.711925361466829609e-01 7.986592803102902927e-02 1.630636155927082942e-02 2.186408588484045623e+00 1.766962490068108016e-02
2.050000000000000000e+05 8.582928161028249847e-03 1.100589330035984040e-02 8.246073376711342273e-03 3.985780054524953528e-03 4.663067045898292018e-03 1.020508561197174327e-02 3.759929591798158444e-01 3.662574362617651014e-01 7.870286667158131466e-02 1.392989424164542585e-02 2.160090311600350255e+00 1.707045204860386384e-02
2.060000000000000000e+05 8.445082674189620386e-03 1.087576242810807739e-02 8.162550604999102219e-03 3.929765983372192698e-03 4.602165855502924653e-03 1.016061881829354724e-02 3.813121478944279108e-01 3.682122285951468510e-01 7.848852891892303674e-02 1.348789910374754292e-02 2.176306225599018873e+00 1.707494824756543642e-02
2.070000000000000000e+05 8.392764487443350047e-03 1.078167294322749173e-02 8.224147899114429838e-03 3.824293881377811757e-03 4.547597040487134923e-03 1.010578035755337924e-02 3.861038089683450081e-01 3.696175167195734912e-01 7.828979442714474601e-02 1.301063575848583620e-02 2.187960020282621265e+00 1.703303504530738477e-02
2.080000000000000000e+05 9.185432503131070112e-03 1.147199859202722126e-02 9.043783558883484314e-03 3.989460047243632845e-03 5.148532239409898091e-03 1.036609561531317419e-02 3.854013316030979741e-01 3.649998720791811091e-01 7.772084796680486796e-02 1.204722413256636461e-02 2.161948661520929793e+00 1.718567296280416531e-02
2.090000000000000000e+05 8.018170789194655618e-03 1.046983182793266576e-02 7.905465454971847064e-03 3.784503541153034969e-03 4.423827274465191861e-03 1.001943737538167449e-02 3.971360792991420197e-01 3.737958129809747509e-01 7.768111597664115187e-02 1.225041803300141140e-02 2.223144816545881586e+00 1.701500871194673234e-02
2.100000000000000000e+05 1.038422148725724053e-02 1.383048673494874023e-02 8.328845350090435459e-03 8.417827572701749861e-03 5.463392181398960164e-03 1.100447744063549893e-02 4.121345825080524605e-01 3.855112213933090670e-01 7.892843994153582454e-02 1.625899450605640742e-02 2.288371904612079177e+00 1.835522427281134281e-02
2.110000000000000000e+05 7.755758010311870031e-03 1.018980693456326969e-02 7.826683355574287973e-03 3.652497500345824009e-03 4.354712282181189172e-03 9.933577641869008323e-03 4.057117747345608261e-01 3.758119753204376412e-01 7.685664452305562833e-02 1.133701599153223369e-02 2.243533600840542430e+00 1.689379185562743871e-02
2.120000000000000000e+05 7.585234283145588299e-03 1.007073102245991010e-02 7.663555675415269566e-03 3.703239112794721576e-03 4.286971412549420504e-03 9.887613284701184460e-03 4.116403453178205107e-01 3.785422550453951263e-01 7.660173392932538572e-02 1.114541743234718184e-02 2.263878852481516990e+00 1.686192757767547568e-02
2.130000000000000000e+05 7.460864725059043398e-03 9.899790975830288428e-03 7.585202036958686202e-03 3.583361170934839385e-03 4.200252039889538526e-03 9.804982876036080763e-03 4.166965830124289560e-01 3.805258680472665134e-01 7.630373415103167134e-02 1.079403827983537595e-02 2.278926404591674615e+00 1.676007106968745858e-02
2.140000000000000000e+05 7.319495998528461819e-03 9.778074121141146907e-03 7.427563672377856391e-03 3.622007198672399716e-03 4.147143602856064384e-03 9.779456840465425294e-03 4.219324744149926532e-01 3.826840109631011178e-01 7.597475782068760508e-02 1.055243227731215289e-02 2.295958923025692044e+00 1.672702258199510947e-02
2.150000000000000000e+05 7.405911794859005269e-03 9.734216335588857447e-03 7.746695386216008450e-03 3.425855531822718462e-03 4.178638439463935005e-03 9.732114363743091245e-03 4.232903985652137768e-01 3.816475804024097584e-01 7.547570424246809184e-02 1.004978320850308769e-02 2.288720322721010447e+00 1.655792804110701663e-02
2.160000000000000000e+05 7.163990428304104277e-03 9.463913667220921755e-03 7.444713500454449955e-03 3.389219099532641416e-03 4.055815625230967635e-03 9.657821763325592432e-03 4.292885468162273566e-01 3.842062832905726588e-01 7.510052943025546934e-02 9.738326476652873695e-03 2.310684225458757624e+00 1.648108460844868034e-02
2.170000000000000000e+05 6.938611223669136942e-03 9.264036256122491070e-03 7.354197139637790731e-03 3.288431452563410438e-03 4.064331615802650212e-03 9.612092747660207215e-03 4.327091493963159952e-01 3.850130009336494852e-01 7.451485082144967964e-02 9.408413924687601682e-03 2.318021839280552499e+00 1.638468527257344598e-02
2.180000000000000000e+05 1.035399296259076340e-02 1.596690883776110889e-02 1.006305144690010540e-02 9.143456710446950728e-03 5.668505617542602022e-03 1.078173556325617323e-02 4.302401854139158432e-01 3.852104610126931283e-01 7.543303985922815424e-02 1.382735460545319976e-02 2.276143276819435179e+00 1.756943388364938519e-02
2.190000000000000000e+05 6.685312271290658019e-03 9.000021949806166419e-03 7.084269980722097959e-03 3.319457795828566291e-03 3.910002988330601482e-03 9.518335514872961270e-03 4.428808908505432185e-01 3.890683998028146018e-01 7.379417257905415695e-02 9.028859465231299855e-03 2.349634034469691546e+00 1.623133907545647181e-02
2.200000000000000000e+05 6.571891028171064283e-03 8.833647880000209882e-03 6.990574166861233431e-03 3.232075127060437744e-03 3.868642751614391646e-03 9.460685898865122886e-03 4.470094253138968687e-01 3.904967613741302523e-01 7.333656116831477334e-02 8.785860213431018889e-03 2.360445710037424760e+00 1.612640516525088233e-02
2.210000000000000000e+05 6.407032376700452954e-03 8.782474090446685047e-03 6.747372844605160729e-03 3.518884900996549405e-03 3.827603193445241764e-03 9.477867000545136048e-03 4.547313418088986259e-01 3.949879775298956175e-01 7.331029372634627339e-02 9.011849688008780751e-03 2.392045722730760104e+00 1.616061718464840286e-02
2.220000000000000000e+05 6.378728602678566083e-03 8.926083893476096515e-03 6.672143947826963788e-03 3.735691529467996541e-03 3.827616062560647466e-03 9.491536206457412000e-03 4.574839185517236562e-01 3.951403290855936556e-01 7.258623594802041112e-02 8.815828029946726901e-03 2.395333329498887664e+00 1.611791425104977526e-02
2.230000000000000000e+05 6.196342884582818969e-03 8.395825499856950092e-03 6.689968732890082953e-03 3.176885545914340594e-03 3.724771342842675675e-03 9.327449118070369263e-03 4.599724424397308442e-01 3.951288796231091083e-01 7.206251222614967755e-02 8.294356573835905133e-03 2.396922356168400547e+00 1.585211135009431671e-02
2.240000000000000000e+05 1.016950785507337272e-02 1.448732158127501168e-02 9.748152076554734285e-03 8.458233893519078936e-03 5.672306995364424786e-03 1.061566253943044963e-02 4.519125520194245960e-01 3.905008742808673827e-01 7.258715522451188173e-02 1.259440127513670321e-02 2.324684724685145198e+00 1.710802436579761734e-02
2.250000000000000000e+05 8.568847949996703794e-03 1.190389490630427115e-02 8.419634499865106397e-03 6.323202206165582859e-03 4.283867768543597049e-03 9.811160642926836095e-03 4.631602866045018141e-01 3.961414072906681016e-01 7.202113782968355693e-02 1.083788719136776109e-02 2.379920645517784372e+00 1.624244566038413398e-02
2.260000000000000000e+05 5.906509107864378778e-03 8.250234504653354214e-03 6.546476336778645627e-03 3.164756059895909752e-03 3.687044737554637588e-03 9.252397628228247947e-03 4.715218126795628906e-01 3.992039300854094974e-01 7.080692630872420512e-02 7.940567571840822028e-03 2.425967158415429203e+00 1.560637564511314565e-02
2.270000000000000000e+05 5.752003285497864389e-03 7.853892807306443388e-03 6.331711256319116389e-03 3.078560863501304031e-03 3.545372456099661704e-03 9.204873669195720240e-03 4.757511889025229923e-01 4.004201817535624763e-01 7.030097095828481690e-02 7.697967588963525523e-03 2.438860781127204724e+00 1.552788744709955940e-02
2.280000000000000000e+05 5.669965994894249350e-03 7.657916982047150052e-03 6.297253276032668996e-03 2.878046117782888467e-03 3.513231336578950814e-03 9.130978316493607028e-03 4.780457310381143743e-01 4.004625317390495542e-01 6.967882255452007012e-02 7.430943781213326417e-03 2.440286414091841216e+00 1.537792039134750627e-02
2.290000000000000000e+05 5.590406121974999566e-03 7.858264742054584667e-03 6.161851960359971542e-03 3.225174481411238487e-03 3.470708046946561522e-03 9.138134179559409889e-03 4.855971029383883142e-01 4.051774857870015234e-01 6.973786634805877183e-02 7.838777773977543412e-03 2.470026465670096538e+00 1.536131764170553873e-02
2.300000000000000000e+05 5.457037424797210080e-03 7.432332614280968801e-03 6.042605960245452969e-03 2.972092334862266785e-03 3.393896774708035548e-03 9.087723365332140216e-03 4.882585153432064673e-01 4.053011141294222131e-01 6.910221029914670465e-02 7.490414039931006344e-03 2.474406934629371779e+00 1.526969383568018562e-02
2.310000000000000000e+05 5.339377909456250078e-03 7.278432331528186458e-03 5.985903924253333473e-03 2.814548537405877227e-03 3.363495571978361576e-03 9.045588794697870250e-03 4.900242007520352883e-01 4.050711671347771436e-01 6.842372052599379750e-02 7.249738761508623883e-03 2.474226966629030855e+00 1.515926611141574058e-02
2.320000000000000000e+05 5.720007786446630084e-03 8.185514765567825785e-03 6.143121613600880694e-03 3.254192318415831831e-03 3.498409813292900107e-03 9.160016393980013535e-03 4.909484553688907571e-01 4.040619177644234616e-01 6.783384206231943270e-02 7.042424338734472149e-03 2.467533839278454710e+00 1.523325884743313534e-02
2.330000000000000000e+05 5.571998357840808949e-03 7.321497060246977273e-03 6.024433003606936843e-03 2.721082917749102076e-03 3.368299527639995877e-03 9.038680563425183570e-03 4.949151111215981946e-01 4.054566801136009757e-01 6.743673901412756966e-02 6.883867412994475535e-03 2.478952019291105202e+00 1.506296750272682547e-02
2.340000000000000000e+05 5.379719667014225791e-03 7.254649186478273094e-03 6.061793107207708205e-03 2.722904416265489475e-03 3.278567487633521696e-03 8.943893650326323677e-03 4.969765182486586275e-01 4.062043163794166190e-01 6.697252897228532509e-02 7.052101076964611623e-03 2.481491544927647119e+00 1.490672724869689103e-02
2.350000000000000000e+05 5.354143441747993663e-03 9.161583219394234603e-03 5.962545247864961713e-03 4.423960431675556630e-03 3.308033818564293325e-03 9.082751425076663124e-03 5.092588579726744502e-01 4.155959785853524102e-01 6.765120521711547041e-02 8.462499877725702946e-03 2.535999366492212470e+00 1.510133327409502423e-02
2.360000000000000000e+05 4.889144502652035228e-03 6.679213456094224705e-03 5.589351939928782591e-03 2.511015169969602751e-03 3.102041337170522665e-03 8.840873437481296809e-03 5.060302531191055442e-01 4.103304642419622894e-01 6.606187644501489153e-02 6.873987843938412882e-03 2.513194228201768521e+00 1.477424385803780167e-02
2.370000000000000000e+05 4.785620629582159821e-03 6.582356746180782238e-03 5.497918204209155738e-03 2.485567266402340016e-03 3.047352920474910402e-03 8.799757253563564308e-03 5.093834705183762912e-01 4.117224576969771288e-01 6.561720368982451590e-02 6.871120422213692486e-03 2.522578465211731125e+00 1.471478326860243581e-02
2.380000000000000000e+05 4.681703781401614153e-03 6.485234784633755849e-03 5.413151478882352770e-03 2.455736517307702347e-03 3.004771152090346658e-03 8.786583036315140718e-03 5.124297392416581332e-01 4.129763680149879934e-01 6.516998478339537659e-02 6.855916615085219830e-03 2.530851927781136101e+00 1.469929544630208147e-02
2.390000000000000000e+05 4.610158244982658776e-03 6.564432474554189600e-03 5.220144132088290305e-03 2.750700057126565651e-03 3.017344517518753041e-03 8.827737640382735118e-03 5.203448222271145340e-01 4.181154575652139549e-01 6.519656607327876940e-02 7.329944271137599915e-03 2.563812982100166504e+00 1.478996688255902747e-02
2.400000000000000000e+05 4.522000550584027133e-03 6.280928094422481844e-03 5.264513286139718869e-03 2.333709517596126333e-03 2.878401156120669394e-03 8.704662068846151166e-03 5.185901350216136629e-01 4.155407410060938389e-01 6.431912989094960842e-02 6.810529145706075739e-03 2.547686027213126980e+00 1.463056252981160751e-02
2.410000000000000000e+05 5.737867191891139924e-03 9.062739646643513253e-03 5.489370048863529035e-03 5.771329093346643305e-03 3.757174785494228533e-03 9.491611786382995672e-03 5.351720470935841245e-01 4.291565724980703767e-01 6.538196607440814601e-02 1.012042618892200659e-02 2.623559006304247987e+00 1.569071850981736821e-02
2.420000000000000000e+05 4.327460562580169069e-03 6.123520699171291527e-03 5.074984113993933482e-03 2.333374228153137914e-03 2.753905642095932482e-03 8.642085294261974901e-03 5.261978372777706969e-01 4.194027200456161841e-01 6.359635472661537281e-02 6.937623963481422650e-03 2.572489572671111446e+00 1.462873533423146577e-02
2.430000000000000000e+05 4.247570225496417537e-03 6.030022316605619659e-03 5.019382168489286075e-03 2.244371697985179416e-03 2.712917692089768327e-03 8.602512115832709402e-03 5.280997826627228386e-01 4.200558767344388933e-01 6.307377935958789761e-02 6.902569117864821961e-03 2.575759245511697326e+00 1.462250866891139436e-02
2.440000000000000000e+05 4.190000948548301685e-03 5.946311444955557773e-03 4.951420166584471691e-03 2.178510991109722326e-03 2.652505337537122698e-03 8.573698369019474089e-03 5.305191433992563210e-01 4.210619636805502108e-01 6.260088691759824187e-02 6.885635029720557805e-03 2.581506748134955398e+00 1.464301815837167932e-02
2.450000000000000000e+05 4.095694928002634357e-03 5.878711070778653777e-03 4.895718533252613365e-03 2.137904876992413519e-03 2.610690795398832881e-03 8.538236928207132079e-03 5.330302190210340907e-01 4.222034158871961762e-01 6.216496918274461853e-02 6.915457886729554221e-03 2.588054230039506187e+00 1.466541894033727630e-02
2.460000000000000000e+05 4.072311133328524770e-03 6.236121485959774009e-03 4.663924527937924995e-03 2.819286251787481764e-03 2.700191637327451020e-03 8.655516938426172091e-03 5.415226678373453728e-01 4.281842775070702212e-01 6.211024033202885292e-02 7.632649741354442276e-03 2.625234063991616740e+00 1.491151543759080059e-02
2.470000000000000000e+05 3.988558061838285915e-03 6.005047824718540324e-03 4.763671984474120852e-03 2.394353700477563646e-03 2.570609764577341718e-03 8.563053760623251173e-03 5.379271940782668349e-01 4.246189007826998707e-01 6.112594849003281233e-02 7.199896885492004274e-03 2.600908072487417844e+00 1.485577979063469785e-02
2.480000000000000000e+05 4.307444728346980500e-03 6.910539082079986302e-03 4.837913170161247181e-03 3.497900197010943117e-03 2.692913584260259001e-03 8.747515923508959387e-03 5.437536490361957187e-01 4.289987438939812936e-01 6.093539064436580277e-02 8.279531993236806733e-03 2.623522597806863033e+00 1.519176387971203634e-02
2.490000000000000000e+05 4.015222820080090356e-03 5.806222286538057810e-03 4.856045638651953177e-03 2.005396017105421681e-03 2.476886056897777914e-03 8.436832533419348634e-03 5.399822899907321672e-01 4.246129370939856762e-01 6.021431932976342022e-02 7.045825434890228348e-03 2.597223091478103374e+00 1.489006994415531700e-02
2.500000000000000000e+05 3.810465085764043296e-03 5.877953157097929281e-03 4.271568722989956858e-03 3.119728175766585312e-03 3.068803667414114582e-03 8.710672801307986143e-03 5.620952888407981796e-01 4.408344210532790242e-01 6.124667208555200498e-02 8.566277169248223688e-03 2.703262287784669482e+00 1.540077734193964938e-02
2.510000000000000000e+05 3.652498605428837388e-03 5.457774349928215182e-03 4.451556952989887267e-03 1.953911461117141448e-03 2.332414326447581742e-03 8.365067582489170081e-03 5.480053428212785516e-01 4.292997339119578593e-01 5.932342320101980510e-02 7.184432719541897563e-03 2.626351945489802997e+00 1.505985373287589170e-02
2.520000000000000000e+05 3.579166139820348820e-03 5.396749082937533741e-03 4.371266803437104560e-03 1.938852937826019340e-03 2.292642186061774178e-03 8.339082419891112596e-03 5.502257242661086067e-01 4.303748861872513931e-01 5.882849718736035682e-02 7.250723677590177260e-03 2.631556284993556538e+00 1.516004242771190787e-02
2.530000000000000000e+05 3.564785863384976796e-03 5.743776078083213422e-03 4.359740024555206796e-03 2.291641047555794015e-03 2.298305275162705608e-03 8.357303531614217879e-03 5.515839761617875592e-01 4.310194962589944945e-01 5.823781354137620020e-02 7.543435792853583378e-03 2.632493293440550719e+00 1.532381669192766326e-02
2.540000000000000000e+05 3.439346652754967943e-03 5.361889591277928420e-03 4.232534236338962759e-03 1.974216294355748101e-03 2.226602787301076164e-03 8.275713442543944712e-03 5.544178274455033861e-01 4.322716030354541994e-01 5.778363105540518935e-02 7.424061991819896206e-03 2.640037934570029332e+00 1.538407883258954660e-02
2.550000000000000000e+05 3.422297276452628077e-03 5.228186436310203362e-03 4.193832460786276091e-03 1.877879315167087356e-03 2.166054953064917073e-03 8.239230973475975342e-03 5.565405453415137593e-01 4.331210845938094356e-01 5.732668411650790330e-02 7.470265917706873406e-03 2.643509757938182769e+00 1.550480655188563733e-02
2.560000000000000000e+05 4.480224566587667941e-03 7.743838969238465812e-03 4.355102290903838796e-03 5.004110720463314857e-03 3.278807817691167716e-03 8.961378447397369898e-03 5.734846974483395199e-01 4.472534673862075816e-01 5.824035240797038881e-02 1.056473503637187471e-02 2.720100944167104462e+00 1.658085746118283244e-02
2.570000000000000000e+05 3.379100825938453380e-03 5.590838490504769498e-03 4.302027160841583042e-03 1.919350595898773474e-03 2.218994868657539303e-03 8.198934055553839043e-03 5.533659222456336346e-01 4.296880102752732578e-01 5.575444789775767240e-02 7.477006064929537024e-03 2.614402068829884129e+00 1.578733847689367184e-02
2.580000000000000000e+05 3.209185062576797726e-03 5.084201035722619305e-03 4.018680507072117970e-03 1.788348998398402948e-03 2.080521094237017168e-03 8.129237558107182959e-03 5.598601914947753944e-01 4.337423135848471611e-01 5.548771769851040814e-02 7.644892654880053318e-03 2.639443397557412307e+00 1.592063494410052293e-02
2.590000000000000000e+05 3.351140553966731710e-03 5.730761329255399002e-03 3.812676214005026026e-03 3.048696300854998077e-03 2.489679212944119653e-03 8.366361355331843053e-03 5.727239123655778474e-01 4.433785166783534293e-01 5.573812318720439835e-02 9.086841178305670591e-03 2.696409715873134161e+00 1.644592496355220049e-02
2.600000000000000000e+05 3.068789183478466513e-03 4.971614158954662868e-03 3.882944507529796120e-03 1.770607452256762419e-03 2.017387221639116608e-03 8.069933252340970656e-03 5.626252614973021871e-01 4.346605642992446561e-01 5.433243952826891793e-02 7.849416672274862200e-03 2.639666444912678767e+00 1.626572235498143643e-02
2.610000000000000000e+05 3.120178466584585131e-03 5.030928717025906147e-03 3.990688030150206164e-03 1.663728657591093075e-03 2.013094545990589540e-03 8.034978104130030899e-03 5.603879659276128633e-01 4.324590959739112450e-01 5.363708082695253093e-02 7.819960098617210684e-03 2.621531479938817633e+00 1.643594419543749352e-02
2.620000000000000000e+05 3.002027448018310379e-03 5.098179110054032286e-03 3.576070138488287881e-03 2.390217552241834763e-03 2.305070893230515370e-03 8.145972519182783159e-03 5.757265915031208880e-01 4.435030089612084225e-01 5.393738790541255379e-02 8.785125084952515040e-03 2.690619086261798909e+00 1.684269474996295118e-02
2.630000000000000000e+05 2.933516962888067618e-03 4.854359390500024608e-03 3.752879872855329011e-03 1.701517804063456488e-03 1.923514444619094229e-03 7.964315439202580144e-03 5.648122303746586637e-01 4.347396972146073124e-01 5.254357497592972853e-02 8.089549992473609938e-03 2.630483264757740969e+00 1.683484189982791673e-02
2.640000000000000000e+05 3.173214272039545560e-03 5.635623005594597897e-03 3.741489032192851436e-03 2.825964510593437142e-03 2.145829022579686957e-03 8.138412972921985414e-03 5.703758223151511597e-01 4.391651843728364701e-01 5.218327343664842799e-02 9.262877967125906359e-03 2.651316082277363151e+00 1.730947461132576956e-02
2.650000000000000000e+05 2.782377127059556393e-03 4.756927747035337439e-03 3.597436614568175293e-03 1.709934871896565773e-03 1.880115731896393012e-03 7.894708799119364712e-03 5.668526624807210812e-01 4.353577551042742688e-01 5.131112682547474269e-02 8.299454194119352049e-03 2.627405666512743210e+00 1.726752912273017346e-02
2.660000000000000000e+05 2.730060112239245107e-03 4.720234504261646563e-03 3.564782954005573604e-03 1.680150084050501414e-03 1.856634709954015734e-03 7.847932089040348183e-03 5.671116234920574595e-01 4.350699618527453238e-01 5.069970662847445020e-02 8.378478845462443078e-03 2.621747951461463888e+00 1.747839613488093302e-02
2.670000000000000000e+05 3.319938933702294877e-03 5.537186340021188653e-03 4.034436972122482958e-03 2.221995677906524365e-03 1.899620811974439593e-03 7.934100455336781654e-03 5.641156090480060614e-01 4.326865400023872099e-01 5.029475613211491919e-02 8.941152610821328367e-03 2.597513462374298143e+00 1.784950652027566045e-02
2.680000000000000000e+05 2.625923300453332412e-03 4.649115117451571577e-03 3.440470980510393090e-03 1.685841206939992908e-03 1.811387999574523870e-03 7.781099773943337024e-03 5.683248212768922114e-01 4.351001261797102226e-01 4.948316181100752276e-02 8.583507900924561285e-03 2.614044098402209748e+00 1.797255070086173703e-02
2.690000000000000000e+05 2.621982206402577887e-03 4.803372639027536813e-03 3.346969650323516812e-03 2.058070204919040455e-03 1.882510025186373386e-03 7.800803506454909511e-03 5.715953040992028944e-01 4.372544519345544223e-01 4.900986106209630905e-02 9.096219160755531288e-03 2.622969919300908170e+00 1.830582454056904271e-02
2.700000000000000000e+05 2.566577905475528332e-03 4.618250272090033623e-03 3.431407122485719084e-03 1.641671477131299677e-03 1.755507993414488592e-03 7.679679519915885537e-03 5.682959935470723867e-01 4.341025264460778299e-01 4.831824878640432475e-02 8.759018293720602019e-03 2.599257661769600158e+00 1.844823774150787868e-02
2.710000000000000000e+05 9.705304245263706581e-03 1.511342166228624682e-02 8.145378131591881482e-03 1.157448198668630315e-02 3.940925833862077114e-03 1.002431744227368429e-02 5.547938082028226470e-01 4.291438867003584123e-01 5.023729910790580150e-02 1.801254883048267891e-02 2.501117193072530220e+00 2.149094909491254535e-02
2.720000000000000000e+05 2.516042879569582551e-03 4.586248208523468692e-03 3.384411078946699368e-03 1.593163351616420096e-03 1.710068844397044825e-03 7.604827894421609460e-03 5.672819703253527690e-01 4.324330690781417741e-01 4.706646439196166681e-02 8.904682214217887054e-03 2.580089039829899011e+00 1.899912222353807717e-02
2.730000000000000000e+05 2.534172338450687081e-03 4.623888628287030518e-03 3.369447932194328046e-03 1.604058075238752297e-03 1.701928115472411919e-03 7.602720794184658452e-03 5.661755775729097051e-01 4.312467039985861672e-01 4.644068938814464864e-02 8.997310007697226220e-03 2.567706916153857932e+00 1.932669561195741320e-02
2.740000000000000000e+05 2.393135656556406692e-03 4.484658911779448691e-03 3.201469810080610420e-03 1.687829816952911418e-03 1.666238343189815549e-03 7.540640871632779338e-03 5.698979942380085761e-01 4.334959848098551838e-01 4.599617204472813276e-02 9.235805608748794138e-03 2.578701061310638920e+00 1.960392822429090839e-02
2.750000000000000000e+05 2.333539294414843993e-03 4.417266903628484093e-03 3.174787036993890251e-03 1.560196962146772432e-03 1.659757029926281491e-03 7.487547532484031473e-03 5.671268229848730469e-01 4.309947553293960176e-01 4.522487495687057407e-02 9.185112145652752497e-03 2.558252599097190050e+00 1.987526684579335803e-02
2.760000000000000000e+05 2.296160120168490824e-03 4.370306619631864065e-03 3.108705090800281158e-03 1.560617433000130580e-03 1.637767309927934054e-03 7.460547309983493400e-03 5.670909504571267634e-01 4.305559428033939318e-01 4.462795079953468802e-02 9.286246986636922940e-03 2.551156398986407225e+00 2.020065369482936316e-02
2.770000000000000000e+05 2.351970688974810465e-03 4.429080853146484184e-03 3.150050525496614698e-03 1.607720091806382357e-03 1.603381604973920429e-03 7.420606285491369858e-03 5.666654267268449452e-01 4.297453444169374026e-01 4.412345816935871190e-02 9.438933352779774189e-03 2.541180578479939278e+00 2.051113029964557119e-02
2.780000000000000000e+05 4.708445219503159043e-03 6.929338648939281815e-03 4.721233453322056135e-03 3.456358656844488175e-03 2.514509776348305796e-03 8.148532867451699011e-03 5.518995989663108004e-01 4.193546611408259239e-01 4.394534754224654199e-02 1.133392166231564704e-02 2.454522052929791531e+00 2.163806156876509068e-02
2.790000000000000000e+05 2.199538536057018233e-03 4.297882263501250598e-03 3.014833332357758251e-03 1.536517350190096803e-03 1.583727768611775406e-03 7.324083033250129542e-03 5.651014955460875733e-01 4.276880829585541499e-01 4.284319698067042687e-02 9.569610816934925185e-03 2.519150506723451866e+00 2.113512566771017648e-02
2.800000000000000000e+05 2.672289109023323356e-03 5.296441664376506757e-03 3.486832567549225104e-03 2.117234798998454594e-03 1.704778431927482388e-03 7.459279898582049130e-03 5.581166721149455334e-01 4.224904757284921875e-01 4.228379195501842658e-02 1.005372082268255092e-02 2.476887148860593690e+00 2.163443235026039912e-02
2.810000000000000000e+05 2.091898846565011690e-03 4.235301338856368655e-03 2.913258737216202748e-03 1.527680467714592327e-03 1.565048540708460735e-03 7.253702727596434384e-03 5.631694938323024147e-01 4.253994753885164126e-01 4.160194192698402765e-02 9.759795428207955134e-03 2.495204654657298793e+00 2.182346819602906315e-02
2.820000000000000000e+05 2.052101627414138624e-03 4.274909936746253830e-03 2.846460038018312332e-03 1.673287152588949804e-03 1.571237586904892809e-03 7.228294437983786083e-03 5.637415211386265224e-01 4.255101669367395978e-01 4.108382637557300016e-02 1.000658001786774824e-02 2.490717604532853624e+00 2.220590928547340123e-02
2.830000000000000000e+05 2.144298314933211665e-03 4.491878737665897479e-03 2.953048372522217285e-03 1.646458242484441330e-03 1.600919135993125091e-03 7.152609002597905274e-03 5.571679403512633799e-01 4.203339495827285166e-01 4.022811845463111768e-02 9.919067046965501094e-03 2.452436445345864691e+00 2.246360264377638902e-02
2.840000000000000000e+05 2.124763809776091666e-03 4.514668616173478886e-03 2.820765343300783018e-03 2.069549504552738086e-03 1.647839599065835251e-03 7.230667737889395937e-03 5.627303093073670048e-01 4.241614225257039350e-01 3.995266905881195152e-02 1.063263377331719051e-02 2.470345763784620896e+00 2.302856276536478092e-02
2.850000000000000000e+05 1.979598931021144675e-03 4.203235570727055503e-03 2.783200294530224425e-03 1.650729405706331679e-03 1.497031972544349537e-03 7.097432069383154477e-03 5.616355990455802472e-01 4.225113079823307194e-01 3.952521431073705016e-02 1.030034978068456938e-02 2.456923057695808321e+00 2.327544527254540169e-02
2.860000000000000000e+05 2.010556829483299470e-03 4.153210034315315408e-03 2.764764238475507421e-03 1.479835481398931877e-03 1.477092214122659218e-03 7.049746685883945090e-03 5.565061651042640944e-01 4.183019534347727220e-01 3.870816088782140507e-02 1.016442625248617330e-02 2.424992165155760659e+00 2.359595483580999298e-02
2.870000000000000000e+05 1.929529023008019024e-03 4.083888221423252925e-03 2.731839578767971712e-03 1.471987935244463376e-03 1.461884690813636213e-03 7.007247068931926441e-03 5.553426762006705708e-01 4.169977832201541834e-01 3.816959445858685018e-02 1.028850877489458082e-02 2.411935669026574303e+00 2.396035354642747639e-02
2.880000000000000000e+05 2.290171650447652470e-03 4.456989370661822158e-03 2.625693746192022358e-03 2.672901515470436831e-03 2.028310413536734552e-03 7.317894460792860600e-03 5.677291118901774958e-01 4.260453657934742955e-01 3.833624867476223552e-02 1.186502275998690091e-02 2.460972585569813909e+00 2.489890184427224692e-02
2.890000000000000000e+05 1.878322643388312223e-03 4.043818082653002736e-03 2.712376530104628012e-03 1.366187748592490774e-03 1.458189857036189122e-03 6.946949573055397412e-03 5.492915238964232172e-01 4.117092860143315991e-01 3.691407790726838195e-02 1.033908781213182387e-02 2.368705507924307341e+00 2.470379915828314898e-02
2.900000000000000000e+05 5.220850981295619385e-03 1.096205377401371014e-02 4.451866649326433403e-03 8.636907427276570987e-03 2.774455799973612417e-03 8.209625187290126025e-03 5.645598293758302688e-01 4.276079969435151451e-01 3.817849250411391865e-02 1.708952775313994643e-02 2.425201524463329594e+00 2.684308908870444363e-02
2.910000000000000000e+05 2.185177075130816018e-03 4.256930597879008370e-03 2.872083627578737777e-03 1.322360605422178608e-03 1.520554733841170472e-03 6.940874728439725729e-03 5.416843791610140846e-01 4.052010087496830670e-01 3.583966627047649456e-02 1.043009121012240456e-02 2.317055067818309944e+00 2.549267978564788428e-02
2.920000000000000000e+05 1.784170564026268469e-03 3.942539371956333902e-03 2.558564138576745282e-03 1.435928952855106827e-03 1.392586832565100756e-03 6.801830636882958726e-03 5.466039197528225202e-01 4.084117914244141390e-01 3.540374961283626609e-02 1.071064228458356270e-02 2.333822790725411878e+00 2.586200435608191489e-02
2.930000000000000000e+05 2.484022124651299925e-03 6.625049297115913512e-03 2.800530581972420201e-03 3.871207938508543656e-03 1.741268066924219230e-03 7.035910149271816516e-03 5.506306874158071185e-01 4.127011618926313408e-01 3.521823826969192744e-02 1.256277586060996522e-02 2.344423304160159649e+00 2.668965939659452558e-02
2.940000000000000000e+05 1.748731753611147991e-03 3.894773022029768880e-03 2.498800736124370033e-03 1.421743356957696526e-03 1.368637973207490529e-03 6.712166368489457142e-03 5.423885162000839921e-01 4.044073057406490923e-01 3.433500784911065751e-02 1.087402238317920940e-02 2.299579517396563855e+00 2.662625820433849391e-02
2.950000000000000000e+05 1.947338040078197118e-03 4.897121536573886824e-03 2.741279306248829793e-03 1.908834905441072691e-03 1.563526379795437916e-03 6.846060819744069666e-03 5.354692192269020490e-01 3.993275239254527320e-01 3.384528546476388289e-02 1.109576687326025574e-02 2.260373499579309442e+00 2.716338934666895355e-02
2.960000000000000000e+05 1.709561693820681964e-03 3.848819489155948671e-03 2.449004304717852798e-03 1.397853826353413114e-03 1.344073119396208514e-03 6.626719233883674245e-03 5.376785400157654271e-01 4.000590232289426007e-01 3.332124196672301558e-02 1.102234230433451513e-02 2.263564913687025726e+00 2.740879355448213456e-02
2.970000000000000000e+05 2.782882709740391869e-03 5.843416054850938610e-03 3.381949513601602200e-03 2.796067335800861680e-03 1.639544778403369480e-03 6.992210665164574034e-03 5.273085488930837617e-01 3.929066030527549325e-01 3.322698861105344986e-02 1.221521400888867133e-02 2.205679885390726458e+00 2.813716855792720503e-02
2.980000000000000000e+05 1.752057810863449959e-03 4.109938016605706006e-03 2.367004710348329880e-03 1.898906590340515522e-03 1.426737006303699287e-03 6.623792114870194828e-03 5.354291097537570154e-01 3.979054987787105646e-01 3.236904644810305320e-02 1.168382684064035032e-02 2.239580720358525401e+00 2.834757353218672615e-02
2.990000000000000000e+05 6.658402821778744776e-03 1.478363044073096461e-02 6.256615218535469328e-03 1.150710348102555736e-02 2.597065641691106031e-03 8.330264970591015963e-03 5.213207721579851128e-01 3.929740962872992349e-01 3.430182698748354686e-02 1.944207059677329624e-02 2.153287282772698319e+00 3.054679216884706450e-02
3.000000000000000000e+05 1.620183500374899150e-03 3.747600704356225491e-03 2.323632824999497925e-03 1.397219920720117877e-03 1.301360737765896655e-03 6.451373168998926662e-03 5.276640663300790068e-01 3.909855484192898967e-01 3.141220067546705158e-02 1.136869708470058908e-02 2.190055649935838566e+00 2.897808583544194544e-02
3.000000000000000000e+05 1.620183500374899150e-03 3.747600704356225491e-03 2.323632824999497925e-03 1.397219920720117877e-03 1.301360737765896655e-03 6.451373168998926662e-03 5.276640663300790068e-01 3.909855484192898967e-01 3.141220067546705158e-02 1.136869708470058908e-02 2.190055649935838566e+00 2.897808583544194544e-02
3.150000000000000000e+05 1.344078402399729859e-06 2.214033239122905623e-06 8.259139791523593067e-07 1.468021902063927909e-06 7.810110110883456868e-07 1.258236018161235558e-06 4.039189896282112002e+00 2.252236398430787823e+00 8.730055580330389753e-02 1.680125854951265429e-01 7.659241244359148659e+00 2.347607813881719796e+00
