# step, loss_train, loss_test, metrics_test
0.000000000000000000e+00 1.214219166594568478e+01 4.274717411397983113e+00 1.165954570939236135e+01 1.853870057459788390e+00 4.448450778825258078e-02 2.700580513931299387e-01 1.144850938328434076e+01 4.666472390376238621e+00 1.092767866623669804e+01 2.148066332576431314e+00 3.938999117047290582e-02 2.580166445653678253e-01
1.000000000000000000e+03 4.270655062612453423e-01 1.989233152472095867e+00 4.312441482579223995e-01 2.093041388627841837e+00 2.820924305157819501e-02 1.637677430925396985e-02 4.216550093108432651e-01 1.901512515846405904e+00 4.567729487597035343e-01 1.958589904767251255e+00 2.669294497032886210e-02 1.883718448567336251e-02
2.000000000000000000e+03 5.643418844890867730e-02 7.361823321473274229e-01 6.088449277023745554e-02 7.675136583565858039e-01 4.333761103922659751e-03 6.316550549474394573e-03 4.900514491533672357e-02 8.547989568130439642e-01 6.118891869130495959e-02 8.950871371128908960e-01 5.163571563151143386e-03 7.482442425925347682e-03
3.000000000000000000e+03 5.263850915881058273e-02 3.765244880212898493e-01 5.558450470270080712e-02 3.887921909348128202e-01 1.513459066045197768e-02 1.607545023727686290e-02 5.825065462017958717e-02 4.407544260920548407e-01 6.248961606102133165e-02 4.584714849075536836e-01 1.706037508135654565e-02 1.840785378240037545e-02
4.000000000000000000e+03 3.982755773074378447e-02 2.658432854707613591e-01 3.670698667265400589e-02 2.630350336802816380e-01 2.096161329851731203e-02 1.120457280689343346e-02 4.345734037745952599e-02 3.096344685526294938e-01 4.071968764308876026e-02 3.086107094872067580e-01 2.408620520451989350e-02 1.181197309429294316e-02
5.000000000000000000e+03 3.178410250223386024e-02 2.006287482112092957e-01 3.054278308655535359e-02 1.972279073816597950e-01 1.720663013381736051e-02 3.781174040101587842e-03 3.481898346618843287e-02 2.312097192733266193e-01 3.275023003171903535e-02 2.310348047274208838e-01 2.005864571504203941e-02 3.952536720160541861e-03
6.000000000000000000e+03 2.603559817686798908e-02 1.572781755392149983e-01 2.422202397597515364e-02 1.538363170799408319e-01 1.023247727655428319e-02 4.393124078810646364e-03 2.902760573356583454e-02 1.807541587642134684e-01 2.567445450181821825e-02 1.815458795867858355e-01 1.219999197364321150e-02 4.702829736421229069e-03
7.000000000000000000e+03 2.436904871602013287e-02 1.309984378530438809e-01 2.250948360725278305e-02 1.259777673924510621e-01 8.196850684446138971e-03 5.416665768321015512e-03 2.784967029022912544e-02 1.508003269152903836e-01 2.377970805214756414e-02 1.497835261742198609e-01 9.816804196257368151e-03 6.000426076548746185e-03
8.000000000000000000e+03 2.347596309012718249e-02 1.134321773489266744e-01 1.980285674100268692e-02 1.075806990782832429e-01 6.129513689841522943e-03 4.364158170158810579e-03 2.700213882987222494e-02 1.308733527745915559e-01 2.032171058244773565e-02 1.282079224520372429e-01 7.319105064122715179e-03 4.904113466847061752e-03
9.000000000000000000e+03 2.295914215160957395e-02 1.013862437845503700e-01 1.836988559053663594e-02 9.451236046102433341e-02 6.036712563447838367e-03 4.384155968718344946e-03 2.657307902840711986e-02 1.171876427705466905e-01 1.872581097962975477e-02 1.126532656877214933e-01 7.175506326848610575e-03 4.882423154818549792e-03
1.000000000000000000e+04 2.251302392373316988e-02 9.245260536997380874e-02 1.749125553752483089e-02 8.397309391154328395e-02 5.345713230954847461e-03 4.503070776545314673e-03 2.616523034812761814e-02 1.071899378307741152e-01 1.772502955257295246e-02 1.000674235968850162e-01 6.313710963001473858e-03 5.009038876346040385e-03
1.100000000000000000e+04 2.018063253428620252e-02 8.524795923948369492e-02 1.524964191630630295e-02 7.616505775144551127e-02 5.354548374378174935e-03 4.579837388664431165e-03 2.355748632451247840e-02 9.908412383042655702e-02 1.533161810460957619e-02 9.064109881917260803e-02 6.286812397330527984e-03 5.090452002075915479e-03
1.200000000000000000e+04 1.989576193516301092e-02 7.930506344147929265e-02 1.392721194713495911e-02 6.960766904051031434e-02 8.188587852728086702e-03 5.432387950954447459e-03 2.325560552197647110e-02 9.242511085962630546e-02 1.407437661891410875e-02 8.270446667870594293e-02 9.577864270321354012e-03 6.137300326608763519e-03
1.300000000000000000e+04 1.788122222121247065e-02 7.382310293082376684e-02 1.257551336042399791e-02 6.306737909367461647e-02 6.894084953424420119e-03 4.596516604526714421e-03 2.101401657447205321e-02 8.625126585022449555e-02 1.273596731597631017e-02 7.480547476327580048e-02 8.002326158594100236e-03 5.244975178306879489e-03
1.400000000000000000e+04 1.579043948794236346e-02 7.010584960241235397e-02 1.125333781148884875e-02 5.770011934612694765e-02 4.390754480295524891e-03 3.913575934949774585e-03 1.868689033841090114e-02 8.215521589915140976e-02 1.131056466063466021e-02 6.826962501268868388e-02 5.043576939851041746e-03 4.480018451096821896e-03
1.500000000000000000e+04 1.438997612528290435e-02 6.519149251815001267e-02 1.028716434045883095e-02 5.245549225048583286e-02 4.068471769635053324e-03 3.707886666588875758e-03 1.705236483204842710e-02 7.655494706946978922e-02 1.039185490186804277e-02 6.190308349652607484e-02 4.626087832739627335e-03 4.253015104641608493e-03
1.600000000000000000e+04 1.410499091962816483e-02 6.249975146780022139e-02 9.919571859221315915e-03 4.903459713427673478e-02 5.495612345519235165e-03 4.363462401664454544e-03 1.678866271406129207e-02 7.350687007864324662e-02 1.030185572390687060e-02 5.775587524045357884e-02 6.307791332896184669e-03 5.066760184495546458e-03
1.700000000000000000e+04 4.188957778260628262e-02 7.474225556526500891e-02 3.256824632591948793e-02 6.465572687126341922e-02 1.068950698900043988e-01 7.214663826742710728e-02 4.974436429387909392e-02 8.838029344622842787e-02 3.760301994157723426e-02 7.595456865028139826e-02 1.268525330509144011e-01 8.572788525841133767e-02
1.800000000000000000e+04 1.234551634247366136e-02 5.533503241647495796e-02 8.379402163198945014e-03 4.139671028499394834e-02 3.753619473354457767e-03 3.854511372004497220e-03 1.473830682242397230e-02 6.532983354945186283e-02 8.689568072346290362e-03 4.850897378336771482e-02 4.215700241030778846e-03 4.468578983875006599e-03
1.900000000000000000e+04 1.205210818977479198e-02 5.251717987001353061e-02 7.673621783321459174e-03 3.867802983842288933e-02 3.865043725625862212e-03 3.578347137614988800e-03 1.442441786681518227e-02 6.207435889834193865e-02 8.021718395064608362e-03 4.524836783637939397e-02 4.330107509651625296e-03 4.136365170463536002e-03
2.000000000000000000e+04 2.451454674297307706e-02 5.590098607815143644e-02 2.091710856707075863e-02 4.144453534469244582e-02 4.090840322153174898e-03 4.695868165093031871e-03 2.938426770474708224e-02 6.625670359681036514e-02 2.391496824760343254e-02 4.866377612709527761e-02 4.644043299832502185e-03 5.471323853527969815e-03
2.100000000000000000e+04 1.129020997460632864e-02 4.785637459096096780e-02 7.010509793133623720e-03 3.414710035310430242e-02 3.754414729980807327e-03 3.699085980340291110e-03 1.359795807912907509e-02 5.666669266466895644e-02 7.439498777392246180e-03 3.987465197145372009e-02 4.223621983150885675e-03 4.274353328113338416e-03
2.200000000000000000e+04 1.202262775828626985e-02 4.578711449631771985e-02 6.827240522330233798e-03 3.203457153258082446e-02 5.167022422008275828e-03 4.675986981915328591e-03 1.451271801295162846e-02 5.425738074862929139e-02 7.338128531072625298e-03 3.739238038202138958e-02 5.921352309851275232e-03 5.448198218908343292e-03
2.300000000000000000e+04 1.088223623686115568e-02 4.375369734375249287e-02 6.421490642299002363e-03 2.984216256068294298e-02 3.485484558522464454e-03 3.720781072219112896e-03 1.319029527642720176e-02 5.185755554538973300e-02 6.850397072568412474e-03 3.489161365930210090e-02 3.964535258914972729e-03 4.280271429893026114e-03
2.400000000000000000e+04 1.157491097779725885e-02 4.204402914965525706e-02 6.903172823635696058e-03 2.815519886106821607e-02 3.421447946397426776e-03 3.843681915619203988e-03 1.404522660536330209e-02 4.986732224583238782e-02 7.467878095059979696e-03 3.297130308618596850e-02 3.928644735688374169e-03 4.426672126196249182e-03
2.500000000000000000e+04 1.053848636526143363e-02 4.029054197343505395e-02 5.994231393164288491e-03 2.663373466252559260e-02 3.386228182116435888e-03 3.764154045345191602e-03 1.284205127251273997e-02 4.778158877700103974e-02 6.435389759873022704e-03 3.123785903984553636e-02 3.924474591876146029e-03 4.328130879828839470e-03
2.600000000000000000e+04 1.127806975466712561e-02 3.883012445607043894e-02 6.071058945375458309e-03 2.515542123848005240e-02 3.583855013048597299e-03 3.957392999152267547e-03 1.372779995758920471e-02 4.608750537907625039e-02 6.561618503868711476e-03 2.957229182893449451e-02 4.195043609553154342e-03 4.572671222448187849e-03
2.700000000000000000e+04 1.174062832000884182e-02 3.923195310111865508e-02 1.060491131470720980e-02 2.610190314692759778e-02 1.512556686600710111e-02 1.218302078324257944e-02 1.433725941433319079e-02 4.650714547677675670e-02 1.187783573274110369e-02 3.090251195239478166e-02 1.811767006080441250e-02 1.427158812334115671e-02
2.800000000000000000e+04 1.004815428082143219e-02 3.598376978744226989e-02 5.740296600096683050e-03 2.269184520557127049e-02 3.415116682821508695e-03 3.907116534205747754e-03 1.228934794696872126e-02 4.271112691388410237e-02 6.211594715854178855e-03 2.685059410613190728e-02 4.120637000299805230e-03 4.492332177171603699e-03
2.900000000000000000e+04 1.011725092029323522e-02 3.459028573934348760e-02 5.458912314008265362e-03 2.199812163043830121e-02 4.004815307923099456e-03 4.139055975040181398e-03 1.233170879441725966e-02 4.109668982363043344e-02 5.890841533066014900e-03 2.610306352864944987e-02 4.809703458062863056e-03 4.819846114999465705e-03
3.000000000000000000e+04 9.856283402230471558e-03 3.338209147050461706e-02 5.348412022500611922e-03 2.083205290569650411e-02 3.576899731820168404e-03 3.742848313693264515e-03 1.201421366560137191e-02 3.967692156563761702e-02 5.794120934945284213e-03 2.482637431744848244e-02 4.368118731370629684e-03 4.339546496332569343e-03
3.100000000000000000e+04 9.542223810060111722e-03 3.257989370840333465e-02 5.508588679568170859e-03 1.980205657516855358e-02 3.801159800711214481e-03 4.261212712433641928e-03 1.163744955400580587e-02 3.872517799939322741e-02 5.903057341026573916e-03 2.368224088252144505e-02 4.739477973871460657e-03 4.926231024821864715e-03
3.200000000000000000e+04 1.048043034052638725e-02 3.153992666689606206e-02 5.271769633084275909e-03 1.897274038399996213e-02 3.498865273974582912e-03 4.171569319779425133e-03 1.266395738219906753e-02 3.757341141811552931e-02 5.685372094247687948e-03 2.273947305594640339e-02 4.343344900176059412e-03 4.889927499391757623e-03
3.300000000000000000e+04 9.365560946361282946e-03 3.022916574583661350e-02 5.292039405488146650e-03 1.832713937673087490e-02 3.595350302739720640e-03 3.760834098852639841e-03 1.134029939759681298e-02 3.599216595519805217e-02 5.685772234029738692e-03 2.209572347840054254e-02 4.550933063391698202e-03 4.363420082673040955e-03
3.400000000000000000e+04 8.972960520849821917e-03 2.937305203027863396e-02 4.745534809910460783e-03 1.763301248889340145e-02 2.938446967530436785e-03 3.494806547270942147e-03 1.082678951961188636e-02 3.500586428487929141e-02 5.009982004502524719e-03 2.132561263217644040e-02 3.779334506849165581e-03 4.079312955590808608e-03
3.500000000000000000e+04 8.856535202252996050e-03 2.842608369038234634e-02 4.678176778711889278e-03 1.689844377020680022e-02 2.854278704244602761e-03 3.445314399832069899e-03 1.064211541439377857e-02 3.391369144414360659e-02 4.937653646743567735e-03 2.050057066639690909e-02 3.715201284557985689e-03 4.028631728378825536e-03
3.600000000000000000e+04 8.738959130246318208e-03 2.771677830420001681e-02 5.855094172527573748e-03 1.744670514088039748e-02 3.884834205739423531e-03 3.746795030038831045e-03 1.045704145882440581e-02 3.309229477730517982e-02 6.377678331274099638e-03 2.125401328467981660e-02 4.936198429067425834e-03 4.432099466251671928e-03
3.700000000000000000e+04 8.498425843982339301e-03 2.684002031188111037e-02 4.547904874109191461e-03 1.575848832381909759e-02 2.819217532621281011e-03 3.413445455776811452e-03 1.013176238710006109e-02 3.207873188820523080e-02 4.761276457084562957e-03 1.924113207599731368e-02 3.747656016106546469e-03 4.000851097905071783e-03
3.800000000000000000e+04 8.390737668220763987e-03 2.603378342837360179e-02 4.340150052011416959e-03 1.528176082452353812e-02 2.705352712195316020e-03 3.287532323937430393e-03 9.938497786734709627e-03 3.114914506317194298e-02 4.491457509992248000e-03 1.872386630528195817e-02 3.613018347375005022e-03 3.876924842976787241e-03
3.900000000000000000e+04 1.620699893734629457e-02 3.175129019060578955e-02 6.176631896184214647e-03 1.578509928773737941e-02 1.941063926405186060e-02 1.491552148282720633e-02 1.940653787921955975e-02 3.793969592571762306e-02 6.616345134887233366e-03 1.932630839087169997e-02 2.380173792195237545e-02 1.759426591023392772e-02
4.000000000000000000e+04 1.960370107438499931e-02 3.302823279083270253e-02 1.999036159349664582e-02 2.431802415088300806e-02 4.362060508053352929e-03 3.899308122317889525e-03 2.342115494368977174e-02 3.952290736473697969e-02 2.323920804500805362e-02 2.986272411386563588e-02 5.681918592681979227e-03 4.627930980488208570e-03
4.100000000000000000e+04 7.913807257381376761e-03 2.408224350044196882e-02 4.041684188257688333e-03 1.401751679956198329e-02 2.548191638335491234e-03 3.115176758669232354e-03 9.246737391161745021e-03 2.889798985245703444e-02 4.135955411304691881e-03 1.731045103907739857e-02 3.487488109487005793e-03 3.693373327054165663e-03
4.200000000000000000e+04 1.453194457400971279e-02 2.816861567952723064e-02 9.497256915935316235e-03 1.766494631680650546e-02 3.105880198763495779e-03 3.862087092138013957e-03 1.716466641428756462e-02 3.385472609005610312e-02 1.066597463871669753e-02 2.180628376014162595e-02 4.138321903586096931e-03 4.612053564446033822e-03
4.300000000000000000e+04 1.119914283171230887e-02 2.531770099505420424e-02 9.474707308871864464e-03 1.818511329979058747e-02 1.869903644518728855e-02 1.774382624376783651e-02 1.289503490216887399e-02 3.056503567046733177e-02 1.074489801560349171e-02 2.228862387041921980e-02 2.248320852711377729e-02 2.131370327613474683e-02
4.400000000000000000e+04 7.475609679863636121e-03 2.245181135347506032e-02 3.787241400995991405e-03 1.300402680147895625e-02 2.429628689578449980e-03 2.998327677798424441e-03 8.619832816944639556e-03 2.702060522174697110e-02 3.845130964068779224e-03 1.615154132743474094e-02 3.389192659909562831e-03 3.570445088924576252e-03
4.500000000000000000e+04 7.656359511569059417e-03 2.186496189305823026e-02 3.768947802619266978e-03 1.274001609594512495e-02 2.948349873163849232e-03 3.023120219758573552e-03 8.793753411006159301e-03 2.632406317036900187e-02 3.824011863782028533e-03 1.586762291142605058e-02 4.017301203310208110e-03 3.617401550680832221e-03
4.600000000000000000e+04 8.274098850062827984e-03 2.208487923436099065e-02 1.178853776225040687e-02 1.767266986343522805e-02 6.309156839479693017e-03 5.647163784419206856e-03 9.460491463406956597e-03 2.668209119782947308e-02 1.340538408653544310e-02 2.197524560643476441e-02 7.872596591085771409e-03 6.848470804594669267e-03
4.700000000000000000e+04 7.174745311077731016e-03 2.092102150850742859e-02 3.693510549338919514e-03 1.221264901083553810e-02 2.289793064374739950e-03 2.917886573983858450e-03 8.136630282003344886e-03 2.525167491962825375e-02 3.701227356286585380e-03 1.523906246279306542e-02 3.236009159509929331e-03 3.499108399253091431e-03
4.800000000000000000e+04 7.105984408310085480e-03 2.047891681885227397e-02 3.577050855440843617e-03 1.195871071668870231e-02 2.236603837475344917e-03 2.865648696685278631e-03 8.021829378436484692e-03 2.474030187438133743e-02 3.568731032149405433e-03 1.494230513288270432e-02 3.168810857612113039e-03 3.445345096266869741e-03
4.900000000000000000e+04 7.649643043837878881e-03 2.031049610264102148e-02 3.333993758481677144e-03 1.174803464606273204e-02 3.069891933188831270e-03 3.296218038622134635e-03 8.624953333479899384e-03 2.456051047053732159e-02 3.330834834207957451e-03 1.471155908378440208e-02 4.103203442028936603e-03 3.998170201565003079e-03
5.000000000000000000e+04 6.775780919818163821e-03 1.973324859198935174e-02 3.268790179790938364e-03 1.152980243184897370e-02 2.173202792833634628e-03 2.835626568170039174e-03 7.577518796008760743e-03 2.389865469141614837e-02 3.248376788672426713e-03 1.444450951732318029e-02 3.076217439037277467e-03 3.420594544021612806e-03
5.100000000000000000e+04 6.570381887584466132e-03 1.936239560192050055e-02 3.365995771374182509e-03 1.152108097223970146e-02 2.341102035696571854e-03 2.723673900294320237e-03 7.311964393415419823e-03 2.345048125837798092e-02 3.334428869851818571e-03 1.449715902533320333e-02 3.298370472729362287e-03 3.295839422213334667e-03
5.200000000000000000e+04 1.020102378604111071e-02 2.061003368884392270e-02 5.386122308444256379e-03 1.290698114705851086e-02 1.393058390289526709e-02 9.507442123665660674e-03 1.155140789890512880e-02 2.491970574285912524e-02 5.773744949703328057e-03 1.625326454769414689e-02 1.694164056394488471e-02 1.153920951520285426e-02
5.300000000000000000e+04 6.354282320762139231e-03 1.870255339181957702e-02 3.001830949107806706e-03 1.094052420025691010e-02 2.086682276420696522e-03 2.700453188413545844e-03 7.016818734748404666e-03 2.269222327481985185e-02 2.896175789524036825e-03 1.377525110191418593e-02 3.008874611466081251e-03 3.260843979451387865e-03
5.400000000000000000e+04 7.900611061410130545e-03 1.928115838510903110e-02 5.048882184477389290e-03 1.207961368778360904e-02 4.546135377330486060e-03 5.392542219894408406e-03 8.778343936023877414e-03 2.342952354247401087e-02 5.406590651052002421e-03 1.502455187130037097e-02 5.739630183442027966e-03 6.545980954259456031e-03
5.500000000000000000e+04 6.649620858954278547e-03 1.870686307582085373e-02 2.724149837980266095e-02 2.742061401451855243e-02 2.869194204905813408e-02 2.307684469382876788e-02 7.553962000741387857e-03 2.259421855083819375e-02 3.206544740593098020e-02 3.300928760477030155e-02 3.520426059276088315e-02 2.733924263839910759e-02
5.600000000000000000e+04 1.434870386826317921e-02 2.360871750331088384e-02 1.136722376794572532e-02 1.565801286158504529e-02 2.798164680756385844e-03 2.958516921033677288e-03 1.653575482298572791e-02 2.867910534722322574e-02 1.283080572135478388e-02 1.973800826197393693e-02 3.981353283199053593e-03 3.542756720957964539e-03
5.700000000000000000e+04 5.958952166970778869e-02 5.121397725261055134e-02 3.372391750679196165e-02 2.656987989548993678e-02 1.061938039904935030e-02 9.701179492996201900e-03 7.069979556168025370e-02 6.187995608511966811e-02 3.950063732487727602e-02 3.309629463873894895e-02 1.364002578719266702e-02 1.140437506189928736e-02
5.800000000000000000e+04 1.202103559656696879e-02 2.165163648304708685e-02 7.040653226524739954e-03 1.259403926576794369e-02 2.711745342332166735e-03 3.023992911850685323e-03 1.373243471062795054e-02 2.635375967755239010e-02 7.754559260851584535e-03 1.591332988490774120e-02 3.851844847034054976e-03 3.609294853524038209e-03
5.900000000000000000e+04 5.105956800077651042e-02 4.066181084038899413e-02 2.486675537918854248e-02 2.276311278404586844e-02 9.850545286151693100e-03 6.381186254550538263e-03 6.052051708359832555e-02 4.878216955573561053e-02 2.929236507134621789e-02 2.746895614406506120e-02 1.230717065283354165e-02 7.711323109765006942e-03
6.000000000000000000e+04 5.733136766219121792e-03 1.653390982590617966e-02 2.701349466035823238e-03 9.888944681161103423e-03 1.908521813992413016e-03 2.526268734256309316e-03 6.176748242437836434e-03 2.013841297206672709e-02 2.614507124325074830e-03 1.244457077630176274e-02 2.763651973791095718e-03 3.068920826867759313e-03
6.100000000000000000e+04 6.272944095853732853e-03 1.695439940900169210e-02 4.756219382623098034e-03 1.131839204043821184e-02 6.429620397518359849e-03 6.737901153060616398e-03 6.714606241912149734e-03 2.075559460570218853e-02 5.103744570098255398e-03 1.408656534454021982e-02 7.933315267374946647e-03 8.159858983764731871e-03
6.200000000000000000e+04 5.465987605239755291e-03 1.607109435687651203e-02 2.494835417642584947e-03 9.658765439560705254e-03 1.915768289225120618e-03 2.474073529501717023e-03 5.817210054435564305e-03 1.961237354587684265e-02 2.358349427869183695e-03 1.221695094393141119e-02 2.761325922928650842e-03 3.015829243168736268e-03
6.300000000000000000e+04 5.428909268470250363e-03 1.581210894593238284e-02 2.484442007202014493e-03 9.502087970406622452e-03 1.809302023460130152e-03 2.508769197301152082e-03 5.771533169549533833e-03 1.930085643777050899e-02 2.373496735834588686e-03 1.197002232744425604e-02 2.611607870270542427e-03 3.056991068129163557e-03
6.400000000000000000e+04 6.337841610659591778e-03 1.652796274779483668e-02 4.026504622059944548e-03 1.044603198394342299e-02 2.052477014559445263e-03 2.461542573715756917e-03 6.822505087762611824e-03 2.022114739752791518e-02 4.177293291983653727e-03 1.326230536607300031e-02 2.958948428267976945e-03 2.989045119822144030e-03
6.500000000000000000e+04 3.968010703604235578e-02 3.612791118653380096e-02 4.229546745055286390e-03 1.027379097796595614e-02 2.680245428396798441e-02 1.979043885166639413e-02 4.670602052375086299e-02 4.339381327726001686e-02 4.555253867304543715e-03 1.282373408360726157e-02 3.201598254031595703e-02 2.389617614552067351e-02
6.600000000000000000e+04 6.550705680960894860e-03 1.664908907842589658e-02 1.319826732702112163e-02 1.690365683086894957e-02 2.127025305827136281e-02 1.770141653208516866e-02 7.262286737525297520e-03 2.025788324480290101e-02 1.528347036568638087e-02 2.043050115359493907e-02 2.629219800201113705e-02 2.092675390240991695e-02
6.700000000000000000e+04 5.105338721104388071e-03 1.495769496328314477e-02 2.253630325013517358e-03 9.057050445955285370e-03 1.763235144879393571e-03 2.409042094484539244e-03 5.359235982392404792e-03 1.828468448913942931e-02 2.135780393461162406e-03 1.141533660244339193e-02 2.536256043572234983e-03 2.941840366015231831e-03
6.800000000000000000e+04 4.998329654563930975e-03 1.478739652101204900e-02 2.240886507609715639e-03 8.962712823417694555e-03 1.739385433336000522e-03 2.455345166531414797e-03 5.226179850851366861e-03 1.809391561247382374e-02 2.138330157417130898e-03 1.127550317582884029e-02 2.498851424689602779e-03 2.991173835483288204e-03
6.900000000000000000e+04 5.037864414121687000e-03 1.457153095217831804e-02 2.189243476372144861e-03 8.853891269883189599e-03 1.719319692643469458e-03 2.419789374464888666e-03 5.258411302167601865e-03 1.782885305989044891e-02 2.065671889802788569e-03 1.115295623206333415e-02 2.450133760980553049e-03 2.962173840926688329e-03
7.000000000000000000e+04 4.845448599984643161e-03 1.440687323847968798e-02 2.121364768372471701e-03 8.769309950719197250e-03 1.703673323524143406e-03 2.369434171255813040e-03 5.024271395408071161e-03 1.764441393903927804e-02 1.994418166975559653e-03 1.105971085400124163e-02 2.441960856432398054e-03 2.894425557241534983e-03
7.100000000000000000e+04 6.930502092703601583e-03 1.595747494680276046e-02 2.243786479971145078e-03 8.702807816044676181e-03 3.821774347881258093e-03 3.985673155936539196e-03 7.505878980888450007e-03 1.958371104639772958e-02 2.168858410995030180e-03 1.093531079746136100e-02 5.047224157923413390e-03 4.766085772306456400e-03
7.200000000000000000e+04 4.754677118195770567e-03 1.403928131195560786e-02 2.108513508532949918e-03 8.583852049560334457e-03 1.671039298490182689e-03 2.349071328240125069e-03 4.925971541370982240e-03 1.718876424068699685e-02 2.011128962151149165e-03 1.078015293811816419e-02 2.390673653546731767e-03 2.867572251114195499e-03
7.300000000000000000e+04 4.681321346273911894e-03 1.387248306802024191e-02 2.064157380060122754e-03 8.495581150688231303e-03 1.706601880304896117e-03 2.319334900216468796e-03 4.840004416185869802e-03 1.698613865525174307e-02 1.972075317914338734e-03 1.066716909002566466e-02 2.439004774344516284e-03 2.828094929481183174e-03
7.400000000000000000e+04 4.587905485826319907e-03 1.375861922576624048e-02 1.985898918864497341e-03 8.424998186333942582e-03 1.613149991023652818e-03 2.336413702409033573e-03 4.702138508797866490e-03 1.687151518660361463e-02 1.876571469022701374e-03 1.059742130247061723e-02 2.290722199198071910e-03 2.858146320067563809e-03
7.500000000000000000e+04 1.825800955787196256e-02 2.287877601669010413e-02 7.969506784273557021e-03 1.159044908027519194e-02 3.925123656057889418e-03 4.148314109331296788e-03 2.089181064943750749e-02 2.808196647474592647e-02 8.948579624637768501e-03 1.463920994997359483e-02 5.231332375102040570e-03 4.925156753300519163e-03
7.600000000000000000e+04 4.464753240290680707e-03 1.344174322268649850e-02 1.926285236398027692e-03 8.298476262787591110e-03 1.624166898405517536e-03 2.442774110488425254e-03 4.521225426115165098e-03 1.650992961408373830e-02 1.792570655372573325e-03 1.045819699845182589e-02 2.253100091669058263e-03 3.003012049042943533e-03
7.700000000000000000e+04 4.222468523107473365e-02 3.490970592900012603e-02 3.873210507010363401e-02 3.002399430251664197e-02 1.743732480193087341e-03 2.567198252011125646e-03 5.011413139777716463e-02 4.177420248135287062e-02 4.608588657335358635e-02 3.582810947508061061e-02 2.273324805909612660e-03 3.164307030586505001e-03
7.800000000000000000e+04 4.459522517509975463e-03 1.331644010507763293e-02 1.882152733554606815e-03 8.122453596920861663e-03 1.785337545645093683e-03 2.632298205148496644e-03 4.507756429715731664e-03 1.637914723498333502e-02 1.767501563748084988e-03 1.019432890833124779e-02 2.424890109860376296e-03 3.224264503301631397e-03
7.900000000000000000e+04 6.017742912219541628e-03 1.371826424360218788e-02 3.845266254574074456e-03 9.115075382606512705e-03 1.569872615192992185e-03 2.307577881635647626e-03 6.514307636844922714e-03 1.669833093878474520e-02 4.216534266560797821e-03 1.118167637258075768e-02 2.164206635453779122e-03 2.824860945628622066e-03
8.000000000000000000e+04 4.382162507910361549e-03 1.284857732090391100e-02 2.000651324603693743e-03 8.106877370908321598e-03 2.206702636507655232e-03 2.509894035613157316e-03 4.465418424703273062e-03 1.573369980651061900e-02 1.943209628624329235e-03 1.018525262292551727e-02 2.942103959524883326e-03 3.081290235289895190e-03
8.100000000000000000e+04 4.273236793588756910e-02 3.564396461162908786e-02 7.576985468669072792e-03 1.256685588728169260e-02 7.352021692890033100e-02 4.902259069326062729e-02 5.029950951698412137e-02 4.262632186798213929e-02 8.462441941920507971e-03 1.582404124096869688e-02 8.745064812303987578e-02 5.904226084563991145e-02
8.200000000000000000e+04 4.922188176691787154e-03 1.288728193759038423e-02 2.132135833527765319e-03 7.987348660133371595e-03 1.744095208993246948e-03 2.552503702485516175e-03 5.136493302131407354e-03 1.574323294455383035e-02 2.136305314854094854e-03 9.928765165072033286e-03 2.301228536059647840e-03 3.153318521900475100e-03
8.300000000000000000e+04 8.019645667189970531e-03 1.447086757134614758e-02 7.011647696652033995e-03 1.115428221816480367e-02 2.099538422840876214e-03 2.516159971087886336e-03 9.022026990698716470e-03 1.751157446307356758e-02 8.090250183306762349e-03 1.344639429721787398e-02 2.852216347687571308e-03 3.036752247705673882e-03
8.400000000000000000e+04 4.009705030382340434e-03 1.235411499394734741e-02 1.718750973658604271e-03 7.648254701055179350e-03 1.492823811220009029e-03 2.194707154884778782e-03 4.010689263150605047e-03 1.516745374162089578e-02 1.640918321973843311e-03 9.539007280779665532e-03 2.071214124200783813e-03 2.688900676815428933e-03
8.500000000000000000e+04 5.109835627485627765e-03 1.270390686295574077e-02 2.810416159192316490e-03 8.198548759471667793e-03 1.780430239010310405e-03 2.671914076424389013e-03 5.390729518246435703e-03 1.547926807349877566e-02 2.995821332150150774e-03 1.008988246072732922e-02 2.277046481646067232e-03 3.310128450596715611e-03
8.600000000000000000e+04 6.248263187282136408e-03 1.329059303463815157e-02 4.582875705991819835e-03 9.524233324378475474e-03 1.170942306391290801e-02 8.326368882391332535e-03 6.734880355932480051e-03 1.614059154741986912e-02 5.023051989526928010e-03 1.198280247719568474e-02 1.417448572169131144e-02 1.010345186384563158e-02
8.700000000000000000e+04 4.331871013419262388e-03 1.208476220384941367e-02 3.028098211760598974e-03 8.183253993611342217e-03 1.681071741002547644e-03 2.398380284479710491e-03 4.477831222168488293e-03 1.475870735616642213e-02 3.281127275088741718e-03 9.998692535926910485e-03 2.223658532188570874e-03 2.939456451720717702e-03
8.800000000000000000e+04 4.724937139419496147e-03 1.263688818526481107e-02 2.233140003217232248e-03 7.803662832196270500e-03 1.451283980137140547e-03 2.174544162798292685e-03 4.778189045292127214e-03 1.559521852467809881e-02 2.235321287277692703e-03 9.783321959313244498e-03 1.995422546617067316e-03 2.664022463421138100e-03
8.900000000000000000e+04 3.782382165913060999e-03 1.172054732343386606e-02 1.646621118078762502e-03 7.319756053435807173e-03 1.443569480025644249e-03 2.119662538295239568e-03 3.746073121090971823e-03 1.438548664358608488e-02 1.580945365910305144e-03 9.077123536530690845e-03 1.973872297207185291e-03 2.603168866188889600e-03
9.000000000000000000e+04 3.720741015072540070e-03 1.163169355511170337e-02 1.591749044883088941e-03 7.256420918376063969e-03 1.421029063041376892e-03 2.095425766904198718e-03 3.667383357974574216e-03 1.428357052175928052e-02 1.518463673137135286e-03 9.005622651127854345e-03 1.936942266868033622e-03 2.575614539172638769e-03
9.100000000000000000e+04 5.259989921947036406e-02 4.143801976987306762e-02 5.133691937445340747e-02 3.623797059448132657e-02 5.540938891616113866e-03 6.462204790274962696e-03 6.262680282176254221e-02 4.939651006659796090e-02 6.117871148232870149e-02 4.322326500693238899e-02 6.479510707958466981e-03 7.914022698368198064e-03
9.200000000000000000e+04 4.005863090505944017e-03 1.151546876548339461e-02 2.027649867288810071e-03 7.361888829107568651e-03 1.402367350625726653e-03 2.076909444898616258e-03 4.105145978474920160e-03 1.405063292060407774e-02 2.111589544200593530e-03 9.014777231183178363e-03 1.874830846400788505e-03 2.558571447310459442e-03
9.300000000000000000e+04 3.611381932944453341e-03 1.136174007466221256e-02 1.558806207292770876e-03 7.094273424254888931e-03 1.390050413097244225e-03 2.061207685523425148e-03 3.549071583027315225e-03 1.394952696657129031e-02 1.512538977150875959e-03 8.776964172029574560e-03 1.869679353575745898e-03 2.536514865573661487e-03
9.400000000000000000e+04 3.735883058217990063e-03 1.143064711003954209e-02 2.232772109930688739e-03 7.410935795806093337e-03 2.974113719078228402e-03 3.229548398839259850e-03 3.709406781553959299e-03 1.405259860658642466e-02 2.355165439511143401e-03 9.016810614438413446e-03 3.840593600634325481e-03 3.873294632615060379e-03
9.500000000000000000e+04 1.045543074725257052e-02 1.589755864807566865e-02 4.046823247099102204e-03 8.388746384809396897e-03 2.579904994816573354e-03 3.023314896518104582e-03 1.148424880107460494e-02 1.966706428167007067e-02 4.430805340607401124e-03 1.046795901090010611e-02 3.319635758294825836e-03 3.650811511539834263e-03
9.600000000000000000e+04 3.475085989988824578e-03 1.103736013257845816e-02 1.543898499211963145e-03 6.916068606053194651e-03 1.447165051135789219e-03 2.085656740793149881e-03 3.402364651268936519e-03 1.354572273997567931e-02 1.515609150885516548e-03 8.498996755472271528e-03 1.921242062257224638e-03 2.561692398770343965e-03
9.700000000000000000e+04 3.439682507919621188e-03 1.090058611110702319e-02 1.530650881935077205e-03 6.858934640841753486e-03 1.397160692284972125e-03 1.991509180490006001e-03 3.383049657253671579e-03 1.335656351378406922e-02 1.514759713586464511e-03 8.414055916647861927e-03 1.861676832925647333e-03 2.447875056631613859e-03
9.800000000000000000e+04 4.946540750835905741e-03 1.148569242960414440e-02 2.600134840065184555e-03 7.392558612203430773e-03 1.471664367098722863e-03 2.195008513843055373e-03 5.292589172077827135e-03 1.392662185678464511e-02 2.821535487102608698e-03 8.987206244512263922e-03 1.856898754486153514e-03 2.732283287995220834e-03
9.900000000000000000e+04 3.717338775957924370e-03 1.108818128636757626e-02 1.525861922441226586e-03 6.756438596996355156e-03 1.990716965728449913e-03 2.523744275764652073e-03 3.662032612622564617e-03 1.364482468250348760e-02 1.516630334862534768e-03 8.262626393829906532e-03 2.530419010078518646e-03 3.083472144328068456e-03
1.000000000000000000e+05 3.363105871418124206e-03 1.068638360525353721e-02 1.516698291654509272e-03 6.781628898771330412e-03 1.486131674055450472e-03 2.258894810365064554e-03 3.266435772479392343e-03 1.310209998521198738e-02 1.485348448592805964e-03 8.335231761325863700e-03 1.851885035647708472e-03 2.808854009234935684e-03
1.010000000000000000e+05 3.330883230800730285e-03 1.050493490874470325e-02 1.482908280660502447e-03 6.640920836020992694e-03 1.419511829696136485e-03 1.883796311850672971e-03 3.285964730853908802e-03 1.284541912796210994e-02 1.482531130239606032e-03 8.110764055554140622e-03 1.879425246824068451e-03 2.316504090442871987e-03
1.020000000000000000e+05 3.278836935320885663e-03 1.044047746711452944e-02 1.518308852224908379e-03 6.611987374570778633e-03 1.525864701600157568e-03 1.905499800780211406e-03 3.210528265773742243e-03 1.278510979916203799e-02 1.529182770332805381e-03 8.071069097275231433e-03 2.025746176642030140e-03 2.328607273539964884e-03
1.030000000000000000e+05 6.327974188492638263e-02 4.439320536419880114e-02 6.200535477926936295e-02 4.248293339070478153e-02 1.439631366922218981e-03 2.095692772553784961e-03 7.572942856561955260e-02 5.278109531271338306e-02 7.398169599921598782e-02 5.050589911890908390e-02 1.711578125263973297e-03 2.612830116953073108e-03
1.040000000000000000e+05 3.222339146878449787e-03 1.025409006082176125e-02 1.430454946214655947e-03 6.541242176600518994e-03 1.424716661890496755e-03 1.938652749041618354e-03 3.164597411422498396e-03 1.252225088708149026e-02 1.416924673610831138e-03 8.017777911106012054e-03 1.819882930438596275e-03 2.407785362614283612e-03
1.050000000000000000e+05 3.149884850187626827e-03 1.015765871341734079e-02 1.404938529267275730e-03 6.413342121527070352e-03 1.320560814174645808e-03 1.844784317639565395e-03 3.063298520556960707e-03 1.243040798380923295e-02 1.392615406910642593e-03 7.811527961461756965e-03 1.715240826178952545e-03 2.278033537979661741e-03
1.060000000000000000e+05 5.757841348746667483e-03 1.241613750691004936e-02 2.142634614215875935e-02 2.096352760394229117e-02 3.460495632318782294e-02 2.932312276193294043e-02 6.100539015457539203e-03 1.498683136002572532e-02 2.497855171502464180e-02 2.601471297924540585e-02 4.101009534660539357e-02 3.532084618266905646e-02
1.070000000000000000e+05 3.087842554755246879e-03 1.000378798848190580e-02 1.376519136973567347e-03 6.314854887285571358e-03 1.279747677334106253e-03 1.810485208736158699e-03 3.008430891066907632e-03 1.222861056122770407e-02 1.377143651869174902e-03 7.676888988943023594e-03 1.641528570697382535e-03 2.242247655405539466e-03
1.080000000000000000e+05 3.122524580276652903e-03 1.002815772368327585e-02 1.530175410777927670e-03 6.480532223706978075e-03 1.474749380882004780e-03 2.202041262037067026e-03 3.078452336637194434e-03 1.223164259718880278e-02 1.566563791271465868e-03 7.934090756630459221e-03 1.780381068579164417e-03 2.755746546477171131e-03
1.090000000000000000e+05 3.116560461496433072e-03 9.864894059402268614e-03 1.595992627383223351e-03 6.357013845139523368e-03 1.292888451756628483e-03 1.966556267524932275e-03 3.111757753243802119e-03 1.199728425966433212e-02 1.654567852889715467e-03 7.697896175766443146e-03 1.577634888550617483e-03 2.460986602380995855e-03
1.100000000000000000e+05 3.780365266988295996e-03 1.006906879481190772e-02 2.341825343111938670e-03 6.692979212765564657e-03 1.244595683104085266e-03 1.873678784395514836e-03 3.995706050796773816e-03 1.216743101445972274e-02 2.578862026141342904e-03 8.033206054233273455e-03 1.521108367179916428e-03 2.345465958016417635e-03
1.110000000000000000e+05 9.777462505633794168e-03 1.346347152845536223e-02 2.174172396856777299e-03 6.585242389833451809e-03 4.505966884853923778e-03 3.888457130191586356e-03 1.130963167549155907e-02 1.605627681288070152e-02 2.357462786590166972e-03 7.949029987113989323e-03 5.451796990529592449e-03 4.768109017587920245e-03
1.120000000000000000e+05 2.979839537356346237e-03 9.571712950039595186e-03 1.447790880564119032e-03 6.165153972121671828e-03 1.509899567044615349e-03 1.801762638070723366e-03 2.957265282137127617e-03 1.163823263786896607e-02 1.491012852427002575e-03 7.481259902928258723e-03 1.903623313083389846e-03 2.234731855899244491e-03
1.130000000000000000e+05 4.189149666986119631e-03 1.010076357036832594e-02 1.447408268754102161e-03 6.072425471176063662e-03 1.866957132218648174e-03 2.079688684076595826e-03 4.531872991553106272e-03 1.215537859164079332e-02 1.514968678293168378e-03 7.327243149118707610e-03 2.308431223605272864e-03 2.583641292209254425e-03
1.140000000000000000e+05 3.078494696443717562e-03 9.413507080816651759e-03 1.354111883664110491e-03 5.972926409914006314e-03 1.458741972819931976e-03 1.699159902984652545e-03 3.110035307168785342e-03 1.142350825126840080e-02 1.400595912329742057e-03 7.177370703970723485e-03 1.852799668477334493e-03 2.096978094795063502e-03
1.150000000000000000e+05 2.835839179839293872e-02 2.213378041898874868e-02 2.808799416469870067e-02 2.185968537483129817e-02 2.967294423741166816e-03 2.633123790688782911e-03 3.393412609456577383e-02 2.624597016365540561e-02 3.345161542410804434e-02 2.580246783437941879e-02 3.663784276777758489e-03 3.169571629943105859e-03
1.160000000000000000e+05 7.708024935825937528e-03 1.170497625547638372e-02 7.595521259665978867e-03 9.414552301247415544e-03 1.474913958790323833e-03 2.139322873746309604e-03 8.900216780227922925e-03 1.394788742493244076e-02 8.876806895759309715e-03 1.119270523354978612e-02 1.687155340548794321e-03 2.697374197906706860e-03
1.170000000000000000e+05 9.451363076135964672e-03 1.336047457745817742e-02 9.123056683526987662e-03 1.151096932497665259e-02 2.906199637921966228e-02 2.094275865548659438e-02 1.088868998083559504e-02 1.584574449859928180e-02 1.049403052677077425e-02 1.422553299500107539e-02 3.463747597613576340e-02 2.526952317158131026e-02
1.180000000000000000e+05 3.899137636349692126e-03 9.540420794936976465e-03 2.169630377386649357e-03 6.239967212440817451e-03 1.455803545210334867e-03 1.653744869387973248e-03 4.234965371154412149e-03 1.147258944593479955e-02 2.427262997164641133e-03 7.385437073676295004e-03 1.814331110986843170e-03 2.038517939227530926e-03
1.190000000000000000e+05 2.745033962955819272e-03 9.010649557553845890e-03 1.274637083410191203e-03 5.727694330206425759e-03 1.160041818822209365e-03 1.656612782541265526e-03 2.719901476789475785e-03 1.093245978375302109e-02 1.307620794023904576e-03 6.881387220913321584e-03 1.398289007530735843e-03 2.078176284034450195e-03
1.200000000000000000e+05 2.730467434596650644e-03 8.923378546141313636e-03 1.266181088871871138e-03 5.660354287459083700e-03 1.165117567471246228e-03 1.610692895570322485e-03 2.694218626009161569e-03 1.083292961645106363e-02 1.295780720977040504e-03 6.780541760175012519e-03 1.411249579792401209e-03 2.013531090062735309e-03
1.210000000000000000e+05 2.963694191017560500e-03 9.120283238772688983e-03 1.734517247475477050e-03 5.915607996103993370e-03 1.210088309470446670e-03 1.570175305843918160e-03 2.937942106912818686e-03 1.111392518176499561e-02 1.875144864725956885e-03 7.110402614935206964e-03 1.485604830176283147e-03 1.954191639042644410e-03
1.220000000000000000e+05 2.705345802134931452e-03 8.774699587206984813e-03 1.279643015647287949e-03 5.578211397260879160e-03 1.148826485890426996e-03 1.583225009647009273e-03 2.722096640395374554e-03 1.061525369278572273e-02 1.333977062824824849e-03 6.660238857498516386e-03 1.378011167808976300e-03 1.983503459967704725e-03
1.230000000000000000e+05 2.654713030622571704e-03 8.710368330894053060e-03 1.261862777694240916e-03 5.523804613221017581e-03 1.134239970661610761e-03 1.582215157766949775e-03 2.652759598605697756e-03 1.054762804562613815e-02 1.312885544838511293e-03 6.591859150509141868e-03 1.349936676423106694e-03 1.983991299640040264e-03
1.240000000000000000e+05 2.795644904620363334e-03 8.648581125910496242e-03 1.393961877574584384e-03 5.539038778750280875e-03 1.128657441337744920e-03 1.574166512810863542e-03 2.875446837144639452e-03 1.042663321818993773e-02 1.471070570344326558e-03 6.588008349711151762e-03 1.333075173675276823e-03 1.977010417580065977e-03
1.250000000000000000e+05 1.314032457495952211e-01 8.815741064270249394e-02 5.691138749095683153e-02 3.302278696827804644e-02 4.473924334485290116e-02 3.775211355880853104e-02 1.544699187445476019e-01 1.076575434576091395e-01 6.838472295020751879e-02 3.923815035359703302e-02 5.341785783267505999e-02 4.476819207842352294e-02
1.260000000000000000e+05 2.834384105109998084e-03 8.630615923018827504e-03 2.267404332984142637e-03 5.936116012319589755e-03 3.154248651659285682e-03 2.487348510573517829e-03 2.867114804075977710e-03 1.048820745858535831e-02 2.606597057630287689e-03 6.945668789425417725e-03 3.945779107736567017e-03 2.946384354835819390e-03
1.270000000000000000e+05 2.653385044590628357e-03 8.540188487881928206e-03 1.321366856061311282e-03 5.418863885865134178e-03 1.403310470754668597e-03 1.975343769426402864e-03 2.680491240463842104e-03 1.031987163915876367e-02 1.374410013761531799e-03 6.480516960761613897e-03 1.565910746037251292e-03 2.496600797700572558e-03
1.280000000000000000e+05 2.569701714794838526e-03 8.391206401414637653e-03 1.255960876871007204e-03 5.275615997270353096e-03 1.152213671253279111e-03 1.551093969769041896e-03 2.615149614268172992e-03 1.013497137970854022e-02 1.332625260119207249e-03 6.256377236300118827e-03 1.325192607013604739e-03 1.950051173423802617e-03
1.290000000000000000e+05 2.565974321305627449e-03 8.255250608573339727e-03 1.246028998893938637e-03 5.252954817371506199e-03 1.108072419059128637e-03 1.538063834683529212e-03 2.641491214404856434e-03 9.930676399236573748e-03 1.303780742959913469e-03 6.239551494747943433e-03 1.279442041411654697e-03 1.936101956635031575e-03
1.300000000000000000e+05 3.035304597365790034e-03 8.787595028230982264e-03 1.042322445970753075e-02 1.065149952632737408e-02 1.472121344682604353e-02 1.102428681453052582e-02 3.122093337972326604e-03 1.063910775055693612e-02 1.217583203198281325e-02 1.267320594455900729e-02 1.700712480743130431e-02 1.349929922113627355e-02
1.310000000000000000e+05 1.363115362928013150e-02 1.369406973421344841e-02 2.698783371714847182e-02 2.067121947617723762e-02 4.327921610094091764e-03 3.962757446621790677e-03 1.628778985476908234e-02 1.619521154880060668e-02 3.200602414066219814e-02 2.453893691840628236e-02 4.898236085841525117e-03 4.878712247964077549e-03
1.320000000000000000e+05 7.398377838259543628e-03 1.088108597678418173e-02 3.328340406216165337e-02 2.332614116274300819e-02 1.338735732697183579e-02 8.377781801969318154e-03 8.110152719552815581e-03 1.333412936612538013e-02 3.958758378496732983e-02 2.813802289972531720e-02 1.631244930254724043e-02 9.994493011018193429e-03
1.330000000000000000e+05 2.444469457971211630e-03 7.956385134874385812e-03 1.369139032519052024e-03 5.146311683625122424e-03 1.187168133065171025e-03 1.449916920973336317e-03 2.522385376439251550e-03 9.568650137823648053e-03 1.481308106793712302e-03 6.085259270944456088e-03 1.398701162677933214e-03 1.810592758996630927e-03
1.340000000000000000e+05 3.794591280064968982e-03 8.768047843947046963e-03 2.179309796259147527e-03 5.424499671105668594e-03 1.104908257406060591e-03 1.534632722543005645e-03 4.032290692268763153e-03 1.062976999318565423e-02 2.442040910774067198e-03 6.468514011387958146e-03 1.226566965852119752e-03 1.938713922621931223e-03
1.350000000000000000e+05 6.668501143234684819e-03 1.104056783251570160e-02 7.836666532201318550e-03 1.031841780845957866e-02 2.142695650914915734e-02 1.755738836733864924e-02 7.292087541644831465e-03 1.354930369643183620e-02 9.335019482429490409e-03 1.184539879863237208e-02 2.509974966233791474e-02 2.107876118538492410e-02
1.360000000000000000e+05 1.017455000705407876e-02 1.259584105368327829e-02 9.479182973853812755e-03 1.170174420651010939e-02 1.568848586816322735e-02 1.387060233898596527e-02 1.168765711688772406e-02 1.511641480507807354e-02 1.092201680604113975e-02 1.448047690504672934e-02 1.854602889566916990e-02 1.684200591254529991e-02
1.370000000000000000e+05 2.692281460265685735e-03 7.989652469880205790e-03 1.735754970460764643e-03 5.392287890420116060e-03 2.532887268946070868e-03 3.023707076180578383e-03 2.887495126869082853e-03 9.539051374501701999e-03 1.838393157206583703e-03 6.506294334404528514e-03 2.856932029666550861e-03 3.781871140214782510e-03
1.380000000000000000e+05 1.898609916717495030e-02 1.839036220383706913e-02 1.408123073174121116e-02 1.162970544121297821e-02 2.866575135585139582e-03 2.775673423952802320e-03 2.181030657849599569e-02 2.250973789488749238e-02 1.685571293347296051e-02 1.372063927180684761e-02 3.379769368106324418e-03 3.322899501558492039e-03
1.390000000000000000e+05 2.132847693379541845e-02 1.866215827634029253e-02 1.340325756248072694e-02 1.149795840154609582e-02 1.884911978289025925e-03 2.051660675049165293e-03 2.466768984766647826e-02 2.275426157120517823e-02 1.589414032782832109e-02 1.378711923889156671e-02 2.061294658221888426e-03 2.588844276299215146e-03
1.400000000000000000e+05 3.274412058335087611e-03 7.868709324879938696e-03 2.403941512617135956e-03 5.392563330735523561e-03 1.057005197948738097e-03 1.471268022665211256e-03 3.743510598537296789e-03 9.321016249695951092e-03 2.689426484831537300e-03 6.360551625551367529e-03 1.143046628020497795e-03 1.862530573116558596e-03
1.410000000000000000e+05 2.311734556119036423e-03 7.358852473374211285e-03 1.246600146241665097e-03 4.658510897808241201e-03 1.104518440505488719e-03 1.354244079094289385e-03 2.478140055308667572e-03 8.806404378710011582e-03 1.354745888325138790e-03 5.438110709594009759e-03 1.224795897503447957e-03 1.692642018537237995e-03
1.420000000000000000e+05 7.258877058366632051e-02 4.755708396801314880e-02 1.004211677297611044e-01 5.882875802590168540e-02 5.084730723448512013e-03 3.661642930043069576e-03 8.531241465591030138e-02 5.800809211676231925e-02 1.202324516005410932e-01 7.044332913331853574e-02 6.349076617879481459e-03 4.234689272120189044e-03
1.430000000000000000e+05 2.426410837218978545e-03 7.216754278434873819e-03 1.292124103494390538e-03 4.584253165523384001e-03 1.036629172767826804e-03 1.319394753230336169e-03 2.671479820339284390e-03 8.589227543941917176e-03 1.390936249386589456e-03 5.344901796643590497e-03 1.151234406936457949e-03 1.652759385934433022e-03
1.440000000000000000e+05 2.291760950463173768e-03 7.129844429615403781e-03 1.428503071178519697e-03 4.634366729943486737e-03 1.071992514999001904e-03 1.479701845957407140e-03 2.519297694203797081e-03 8.483856937395992115e-03 1.537253368829992299e-03 5.428785113111222853e-03 1.137476191607614219e-03 1.869251770450363389e-03
1.450000000000000000e+05 2.396097655386214293e-03 7.232446915948083886e-03 1.429130369328320124e-03 4.605110162172296358e-03 1.021596804450774273e-03 1.293805397654984981e-03 2.589931079521674579e-03 8.652542283572945553e-03 1.585713476075230333e-03 5.358132589340085239e-03 1.132806533995412432e-03 1.616540655250449680e-03
1.460000000000000000e+05 2.983014527290574463e-03 7.247833990184231884e-03 1.844203115002890662e-03 4.727801965078092319e-03 1.062985549341760247e-03 1.290797478092486168e-03 3.432266520294477864e-03 8.585414253180333882e-03 2.042209092858694817e-03 5.514051891263973930e-03 1.173977085616556906e-03 1.611980675632495100e-03
1.470000000000000000e+05 2.283895927810161795e-03 6.917691783728220460e-03 1.219847643444814606e-03 4.375261452388665671e-03 9.847573605886071006e-04 1.297607275254177841e-03 2.542274686148952943e-03 8.214090576549572253e-03 1.299555829823408320e-03 5.096431272466719550e-03 1.074018544019212642e-03 1.627581218864592805e-03
1.480000000000000000e+05 4.208711202016433492e-03 7.995510986325615743e-03 1.210570979841448132e-02 1.109403477990681883e-02 2.287760809998543032e-02 1.409344919253069893e-02 4.902147967772867848e-03 9.468860235208148915e-03 1.446022182298294448e-02 1.303974488626067837e-02 2.768523326943469337e-02 1.676731728988457848e-02
1.490000000000000000e+05 2.179200471968121330e-03 6.775874168550103868e-03 1.165873547361270454e-03 4.260421154916069035e-03 9.762080824737383441e-04 1.269460382470325409e-03 2.421958883903847348e-03 8.050292610245510933e-03 1.245664774534297652e-03 4.944335767276833438e-03 1.061067752973365039e-03 1.589095503155909519e-03
1.500000000000000000e+05 3.164207117692158927e-02 2.355459427068550340e-02 8.251189848656650949e-03 8.162077031801958857e-03 9.700905713000296943e-03 7.095453139004659175e-03 3.803476972736555273e-02 2.789733489970771391e-02 9.606960875282918519e-03 9.817109064137779367e-03 1.165792824075547601e-02 8.525234447961443571e-03
1.510000000000000000e+05 2.163419459370345341e-03 6.670708231609814680e-03 1.202726161851194872e-03 4.168422168790849973e-03 9.861020967758926236e-04 1.293056488694457190e-03 2.452305739329104124e-03 7.917589014623395427e-03 1.303795914762848540e-03 4.833118244920861332e-03 1.046573175240200033e-03 1.622133104357354133e-03
1.520000000000000000e+05 1.269349611030625054e-02 1.335012508115454057e-02 3.608836154412575423e-03 6.272709503350609901e-03 2.097654640712856913e-02 1.595064842548054446e-02 1.464137285615871829e-02 1.621340111532174402e-02 4.202474771219751569e-03 7.212859884364736240e-03 2.407788442761671713e-02 1.941751741591063105e-02
1.530000000000000000e+05 2.745835316008546443e-03 7.015317720579393110e-03 2.662125082647856002e-03 4.884509624813541603e-03 3.939710468333453529e-03 3.106945462711066357e-03 3.039265661534924692e-03 8.450327178808525810e-03 3.195136367732476744e-03 5.441342408098621790e-03 4.598598376833556295e-03 3.692362849390483544e-03
1.540000000000000000e+05 2.179790530950413002e-03 6.441110803617373058e-03 1.198153398261533106e-03 4.038595133747904971e-03 9.340096329713273382e-04 1.252229342095319622e-03 2.541947395033854282e-03 7.606410754476728570e-03 1.284773358189675091e-03 4.694056512386231804e-03 1.011456966754027513e-03 1.565878357772212612e-03
1.550000000000000000e+05 2.169702630090208657e-03 6.459735777707815117e-03 1.293659989702256085e-03 4.068571147374439902e-03 9.344702259454284532e-04 1.211095224393573524e-03 2.508387849883832958e-03 7.653357699529497217e-03 1.435538504934034997e-03 4.696157188548624913e-03 1.014646638007173259e-03 1.509940328018223241e-03
1.560000000000000000e+05 2.522289208467187998e-03 6.682055250764962727e-03 1.227215052600587764e-03 3.932704229345937615e-03 1.455118492967365533e-03 1.678040786737536663e-03 2.928540019129317797e-03 7.937287324757923146e-03 1.347321585689393317e-03 4.536489363237918362e-03 1.520942706687845565e-03 2.103836377635491441e-03
1.570000000000000000e+05 2.243360843801836795e-03 6.272884712095114917e-03 1.230729723151177679e-03 3.901090385674003437e-03 9.806520105003484634e-04 1.185784937887296529e-03 2.680171557993099064e-03 7.404033882018896257e-03 1.346672089282873776e-03 4.515027063011198272e-03 1.083343976640516355e-03 1.468851976636819344e-03
1.580000000000000000e+05 1.553146643448345687e-01 9.772502009829600600e-02 1.340059366840919142e-01 7.936449597927754118e-02 9.594069927939583020e-03 9.847776905692176563e-03 1.861429447685359895e-01 1.169900329916234161e-01 1.596884805307741684e-01 9.594974633067852865e-02 1.156821026577668776e-02 1.186466492263439122e-02
1.590000000000000000e+05 1.880999992498903067e-02 1.516595394922549793e-02 1.581015390328593603e-02 1.186763985876997454e-02 1.091639025303846192e-03 1.466117762310982205e-03 2.272290455887948646e-02 1.797415453730569213e-02 1.853328819909833350e-02 1.436554204762221891e-02 1.231847086526201241e-03 1.818419854747941418e-03
1.600000000000000000e+05 4.231521299017603453e-03 7.163360889078491077e-03 6.659511442184545826e-03 6.943859412138638464e-03 2.389430828775828027e-03 2.608068629488588270e-03 5.225991882363361339e-03 8.383175438524735276e-03 7.649125361582905652e-03 8.445613023339825984e-03 2.705643664522690978e-03 3.241200565323387565e-03
1.610000000000000000e+05 4.738742342685748482e-03 7.851483643034723806e-03 2.765261256820771441e-03 4.866498594647184275e-03 9.014515233648594250e-03 6.903445976592383591e-03 5.690550113355041448e-03 9.298674565775164394e-03 3.076511801848272765e-03 5.830143466169994404e-03 1.029096547524482180e-02 8.489385561637627364e-03
1.620000000000000000e+05 2.426605550729203642e-03 6.047267862749526601e-03 1.948213654920721676e-03 4.199589600367197029e-03 3.114583575923190410e-03 2.363152553557356077e-03 2.980122631401167441e-03 7.117406998826372039e-03 2.269281736345997794e-03 4.806734730165880889e-03 3.778680426912047353e-03 2.813007569832623109e-03
1.630000000000000000e+05 8.242744653477631148e-03 9.965617478172195814e-03 1.667824844384948723e-03 3.811444562381701307e-03 4.208771205638971169e-03 3.613618658805820092e-03 9.811846066151040310e-03 1.188770442878943172e-02 1.935031058662462292e-03 4.343596411094457002e-03 4.648744232109802525e-03 4.481862968711590629e-03
1.640000000000000000e+05 4.525997330985011280e-02 3.215461113002868188e-02 1.672909381507006743e-03 4.083525054084212111e-03 5.265565383389367998e-02 3.365376430930670792e-02 5.423145257455924684e-02 3.845940896409977272e-02 1.885749956607102058e-03 4.690504900416701123e-03 6.327027990914564637e-02 4.014125046678373304e-02
1.650000000000000000e+05 2.218667918775136388e-03 5.951673750304998026e-03 1.259011882721493758e-03 3.570063032654983808e-03 9.464533757854592683e-04 1.194876663875268875e-03 2.720689733472358030e-03 7.022576454891205425e-03 1.417045665096786696e-03 4.064295728833483903e-03 9.868441120536989609e-04 1.485980972276382261e-03
1.660000000000000000e+05 2.192870955814965953e-02 1.811724652630586352e-02 1.896333322460775489e-02 1.355884534236434166e-02 1.306994364422839252e-03 1.437467583137130162e-03 2.616169376373204958e-02 2.169839038979569715e-02 2.299324123590707966e-02 1.564153734400377388e-02 1.385248735076040566e-03 1.761606324578688341e-03
1.670000000000000000e+05 2.100872019929028202e-03 5.623460104579364530e-03 1.266147742507606850e-03 3.466608534570947333e-03 8.403251656011635892e-04 1.128941756816232572e-03 2.674090351454230796e-03 6.611473480317862396e-03 1.380827339365008370e-03 4.032742684703007584e-03 9.135399786294976388e-04 1.398394635335730059e-03
1.680000000000000000e+05 4.692135229298400635e-03 6.798264756137456510e-03 3.395738734306551904e-03 4.524811566430724484e-03 9.253236500106156760e-04 1.255082915991422498e-03 5.812625132683000087e-03 8.010688891273966272e-03 3.809375117995735839e-03 5.443540699443774784e-03 1.049068684584474184e-03 1.547140252298136393e-03
1.690000000000000000e+05 2.165189753029313473e-03 5.505008193984322999e-03 1.761313606755939140e-03 3.624279956491851216e-03 2.323555885398079224e-03 1.747801637618088969e-03 2.742948124375231729e-03 6.494654149021659474e-03 2.092658255453205308e-03 4.048444235967757487e-03 2.753095839134057487e-03 2.065773039772605263e-03
1.700000000000000000e+05 1.949152600161664292e-03 5.400234823822991879e-03 1.170618222555685692e-03 3.314645301790965660e-03 9.347409071923774111e-04 1.089301648756408822e-03 2.492167458025237956e-03 6.353869449779009013e-03 1.299044302854772360e-03 3.783210874549271935e-03 1.037609764925845422e-03 1.330630479380911450e-03
1.710000000000000000e+05 1.970372041263803754e-03 5.438612535975310795e-03 1.616993051222888290e-03 3.557142293493600633e-03 1.420288477315569901e-03 1.739785078314436736e-03 2.614703940337659207e-03 6.348327157145621132e-03 1.742646055249698085e-03 4.238124795041129517e-03 1.591247529411372007e-03 2.160702560958605977e-03
1.720000000000000000e+05 1.897463589649271741e-03 5.294693183488762001e-03 1.133692554150246687e-03 3.216381450885277826e-03 8.193242914702858048e-04 1.080639397207796160e-03 2.468619661148048657e-03 6.214475422407503627e-03 1.233641954707125152e-03 3.694112638530938457e-03 8.931276580995844462e-04 1.330180957580541804e-03
1.730000000000000000e+05 1.961713235184016271e-03 5.331668866843100249e-03 1.221528672271482560e-03 3.209187678131309850e-03 9.243102774273994314e-04 1.111764558104599322e-03 2.545045221138252361e-03 6.277044121353606704e-03 1.376656136262828251e-03 3.644790306529070538e-03 9.800930062694489589e-04 1.369505417974967816e-03
1.740000000000000000e+05 1.906858483203636816e-03 5.171918201278210420e-03 1.149059553098237584e-03 3.139921857659881861e-03 8.007918425276096611e-04 1.075179586624007075e-03 2.515256126118843669e-03 6.071420350096864808e-03 1.243465832522417996e-03 3.628047818247556646e-03 8.795985819357067526e-04 1.322298186731892715e-03
1.750000000000000000e+05 2.126784165730465428e-03 5.191823876022819313e-03 1.213016960067591537e-03 3.173687590569055153e-03 1.421195295506717067e-03 1.340861354888767077e-03 2.788764320222182538e-03 6.108131056810908559e-03 1.365945934044910347e-03 3.616629787443641653e-03 1.697054266122792780e-03 1.601183144863834633e-03
1.760000000000000000e+05 6.140246325925339047e-03 8.015414848821204516e-03 6.679774792320776998e-03 7.105323298024025791e-03 1.983098842652000759e-02 1.417709236421584376e-02 8.045686049215010349e-03 9.180948815604578206e-03 7.640057741008085199e-03 8.853799843463149022e-03 2.378166589926041657e-02 1.707747968180362355e-02
1.770000000000000000e+05 1.843285723852789836e-03 5.007689676835373402e-03 1.128042620406007057e-03 3.014185364065700284e-03 8.066408756546916215e-04 1.036277798500094983e-03 2.473080071652710571e-03 5.880888173763499163e-03 1.238601551972318745e-03 3.452202007056259792e-03 8.864304593899824435e-04 1.268713497717669685e-03
1.780000000000000000e+05 1.891654191404258537e-03 5.048195968499746659e-03 1.179219773602343656e-03 2.997549768689462303e-03 9.651756239958688387e-04 1.237885671923639542e-03 2.569366990983822357e-03 5.926723916533494126e-03 1.289702986066398232e-03 3.478291534381779820e-03 1.027925178581713499e-03 1.536872345559965516e-03
1.790000000000000000e+05 3.755821185695000074e-03 6.281242529719169819e-03 1.369871357708865719e-03 3.073639946162074876e-03 1.597565291238787002e-03 1.727858945164694208e-03 4.858633157481426559e-03 7.356550329738420491e-03 1.589681025834704942e-03 3.487029133181657106e-03 1.734947487034056452e-03 2.146904401457202377e-03
1.800000000000000000e+05 6.574901549994240091e-02 4.435451222825496920e-02 8.350463268180682852e-02 5.253169899756362365e-02 7.649982305365102611e-03 6.890567629605795670e-03 7.885984051438897635e-02 5.337474516816554521e-02 9.924273358931422206e-02 6.402257783245145217e-02 9.417722972533730530e-03 8.280870431591234176e-03
1.810000000000000000e+05 7.466342514085014086e-03 9.110173137382812647e-03 9.114070621383325160e-03 8.041703506608771299e-03 2.667552048095064854e-02 1.905744666236885293e-02 9.224671289271313759e-03 1.078126017134483326e-02 1.045599398899898537e-02 9.879523086945375676e-03 3.098422741219635651e-02 2.317672073521905365e-02
1.820000000000000000e+05 1.789875868879305110e-03 4.753768155879523928e-03 1.105497150310452877e-03 2.827849555215491539e-03 7.511263093094115977e-04 1.014218946885738978e-03 2.489129956905138975e-03 5.576649950801234983e-03 1.210674765554947902e-03 3.251667231410509864e-03 8.446658212092878317e-04 1.237859171414558770e-03
1.830000000000000000e+05 2.411966683387498263e-03 5.252618167002698693e-03 1.127150625118972368e-03 2.829020843645525633e-03 1.146684235734867852e-03 1.396616772572049567e-03 3.295453687320162427e-03 6.133216970617406255e-03 1.253013769606277882e-03 3.247818739730464789e-03 1.260031970563417827e-03 1.729301498858822235e-03
1.840000000000000000e+05 1.843895833897417390e-03 4.736958130849761896e-03 1.270957273268948345e-03 2.824354185621400469e-03 1.095876903574670999e-03 1.311194438763140305e-03 2.579034590204329867e-03 5.583038686406385093e-03 1.385368989242971279e-03 3.318624706405449813e-03 1.179968861619021345e-03 1.623778983498758112e-03
1.850000000000000000e+05 1.776524879331190139e-03 4.651522195945054401e-03 1.183283437465046427e-03 2.799783841017475412e-03 7.566246480898621701e-04 9.878002638978489354e-04 2.516946404557353269e-03 5.454494032530430442e-03 1.343712572567359355e-03 3.178977076710411392e-03 8.623480354262921940e-04 1.199019155741565430e-03
1.860000000000000000e+05 1.756644338119428203e-03 4.579435392831471101e-03 1.111244462672866329e-03 2.689082702105457731e-03 7.356624328190683373e-04 9.890120168808741365e-04 2.505224803647114040e-03 5.380218063280511019e-03 1.234611912975056925e-03 3.092413825507902506e-03 8.237689707450442491e-04 1.207145245390973129e-03
1.870000000000000000e+05 2.487991260698838979e-03 5.061051298066649058e-03 1.362592566888341968e-03 2.857638656926909156e-03 8.507398305244992043e-04 1.169746932174587891e-03 3.474809411551252857e-03 5.902639740631575489e-03 1.582853608276207132e-03 3.267255179895451993e-03 9.758640902153589529e-04 1.437681606236570391e-03
1.880000000000000000e+05 1.859150645714854585e-03 4.601697248530166144e-03 1.192509863073775876e-03 2.694288756288594662e-03 7.057219398170479436e-04 9.914844562218083201e-04 2.685984047145498644e-03 5.396470930538521671e-03 1.368221415216461234e-03 3.084312912294110993e-03 8.026680388895478116e-04 1.211188228292630654e-03
1.890000000000000000e+05 1.115762405194955648e-01 6.911654359623924104e-02 1.089931338028780339e-01 6.302426500664423670e-02 2.009335403216113390e-03 2.004510750477958569e-03 1.345593269047627161e-01 8.232193293503606291e-02 1.322135587344061003e-01 7.344382979617575247e-02 2.163807022277669523e-03 2.418997531329651705e-03
1.900000000000000000e+05 1.729656484242900324e-03 4.407161003897862653e-03 1.101146455413065228e-03 2.624782285773231885e-03 7.720686644818513730e-04 1.106052520205414932e-03 2.538470767821561676e-03 5.161810988409052704e-03 1.198722352987773715e-03 3.057644140120712763e-03 9.487600408258683917e-04 1.337717746952811005e-03
1.910000000000000000e+05 1.807407510119811000e-03 4.391463330774487625e-03 1.122269179287498433e-03 2.577512096175857761e-03 7.538602347257033608e-04 1.103062801548057234e-03 2.660357608033688849e-03 5.156655490404302676e-03 1.223122421891481917e-03 3.039154370613314851e-03 9.324529763007605686e-04 1.335437450228361186e-03
1.920000000000000000e+05 1.755002316175107227e-03 4.330535316240704570e-03 1.195903359079060002e-03 2.614763786124506186e-03 8.038440483375671949e-04 1.189199617792605426e-03 2.601870433107232854e-03 5.090111842231924422e-03 1.292367861860588317e-03 3.113671017821184779e-03 1.005689237216390993e-03 1.441449737998400701e-03
1.930000000000000000e+05 3.985809405286419756e-03 5.417669508503909943e-03 9.360872572616607892e-03 7.662224821818934550e-03 1.992039671328984032e-02 1.228219795718007643e-02 4.960640198469390763e-03 6.632945879749112435e-03 1.161443755874042721e-02 8.465148802595729924e-03 2.394288574400123965e-02 1.444201084473289813e-02
1.940000000000000000e+05 3.774117478785415924e-02 2.494527028948280781e-02 1.419349285378229339e-02 9.345914612085379214e-03 7.560737559646964721e-03 5.985434036086105004e-03 4.513833222192990824e-02 3.024411500240985207e-02 1.652863595466950303e-02 1.170284639037452203e-02 9.223451401365994826e-03 7.137881266601954489e-03
1.950000000000000000e+05 7.697140371176779301e-03 8.607664421136135627e-03 1.377351737608790115e-02 1.046301275496687617e-02 3.665691806716988438e-02 2.469956960913021957e-02 1.022425810052618976e-02 9.815414709593947573e-03 1.596133825920204377e-02 1.307928313146236934e-02 4.416926416193675542e-02 2.956045554688540786e-02
1.960000000000000000e+05 3.880660778706657502e-03 5.795931855505658328e-03 1.142246101480759099e-03 2.518127638288251459e-03 2.521376599832897848e-03 2.357538433243769153e-03 5.284216411096404747e-03 6.769815069944846997e-03 1.261134080041019512e-03 2.973304695732233074e-03 2.930752819718338356e-03 2.893894525060713811e-03
1.970000000000000000e+05 1.643517518710204501e-03 4.118064054170523375e-03 1.067511036949799277e-03 2.388527234017572345e-03 6.615161010551032098e-04 9.248530320824583295e-04 2.490551634619368043e-03 4.853214009420258636e-03 1.201249439512238823e-03 2.758004399304802429e-03 7.876803060269175864e-04 1.118426313331291307e-03
1.980000000000000000e+05 1.862625672446888885e-03 4.250394026771268582e-03 1.200202204826308298e-03 2.461153902030732005e-03 6.822769399613363029e-04 1.019175377332601565e-03 2.868771625259215925e-03 4.951899796823038165e-03 1.401767487826751160e-03 2.823758789631432720e-03 8.490385344008439823e-04 1.233446919815546451e-03
1.990000000000000000e+05 1.830246061474532018e-02 1.369428173971315790e-02 2.298416584332390461e-02 1.554281941506034659e-02 1.548034916396590554e-03 1.814426164984233800e-03 2.212499414187603375e-02 1.666082234711607768e-02 2.692601022146989820e-02 1.934324251192432245e-02 1.990646931636909540e-03 2.191586390788102974e-03
2.000000000000000000e+05 4.017393795188811678e-03 5.923571328772310463e-03 9.962314297878182082e-03 7.815016823817261954e-03 2.081870258278606736e-02 1.456068411945530758e-02 5.605838393212044662e-03 6.816115217452506717e-03 1.141520810569934818e-02 9.815477068290801368e-03 2.476491793404164699e-02 1.753864116389670588e-02
2.000000000000000000e+05 4.017393795188811678e-03 5.923571328772310463e-03 9.962314297878182082e-03 7.815016823817261954e-03 2.081870258278606736e-02 1.456068411945530758e-02 5.605838393212044662e-03 6.816115217452506717e-03 1.141520810569934818e-02 9.815477068290801368e-03 2.476491793404164699e-02 1.753864116389670588e-02
2.150000000000000000e+05 5.813586058725005729e-06 6.098010045893412885e-06 6.331853008135748990e-06 4.443361699875959725e-06 1.252172992145337218e-06 3.231504367934754390e-06 3.175034031068736857e-04 9.389926758878990184e-05 3.041439152461564697e-04 8.129159047113232103e-05 2.292209981185285433e-06 5.435780218131225452e-06
