# step, loss_train, loss_test, metrics_test
0.000000000000000000e+00 6.256645873404327596e-02 1.969546152747913420e-02 4.551193618876891556e+00 1.350748843519422371e+00 1.147139269512713888e-01 3.678574615315441942e-01 5.278024886578783215e-02 1.768129843284103192e-02 5.039185064747376153e+00 1.532410072116258570e+00 1.207569022110487472e-01 3.809850086576921924e-01
1.000000000000000000e+03 1.752775404903250678e-02 1.093917978717998639e-02 1.578396999963299803e-03 2.202409791774845652e-02 2.315861502881916972e-02 3.372678053667247777e-03 1.767700878745117124e-02 1.212191098686172738e-02 1.442268326953866347e-03 2.292184621543126230e-02 2.639726183651179212e-02 1.779661667452140305e-03
2.000000000000000000e+03 1.516726781678851520e-02 1.132211658328548948e-02 1.288059989625632562e-03 1.985517671297885520e-02 2.241509498145641266e-02 2.244985397451736142e-03 1.624941847506712264e-02 1.272631270952514354e-02 1.230101117984223023e-03 2.179223932017879811e-02 2.596389049782035774e-02 1.385691359255532534e-03
3.000000000000000000e+03 1.367243826856985589e-02 1.125202552893134200e-02 1.309588424624229860e-03 1.897849429476785449e-02 2.144989507631667180e-02 2.072189552119228697e-03 1.483543885921483410e-02 1.254012688529750758e-02 1.191368323684608137e-03 2.094601268927160850e-02 2.482333698113450143e-02 1.397824837251995149e-03
4.000000000000000000e+03 1.249767463325533734e-02 1.136077400695451045e-02 1.809181679290421856e-03 1.816471924697721924e-02 2.048982650950402842e-02 1.956617233159080056e-03 1.348219950770908511e-02 1.275495233249824764e-02 1.636365869929659643e-03 2.020093922986385127e-02 2.384496658524905971e-02 1.262216091715745924e-03
5.000000000000000000e+03 1.143107733248818064e-02 1.146696752450854402e-02 1.640308740787628982e-03 1.764733644529404774e-02 1.989042271437882481e-02 1.645918380775689312e-03 1.259277047864763507e-02 1.300191091410982797e-02 1.787936744693880082e-03 1.972240432032210805e-02 2.320458315852725814e-02 1.260935912386337192e-03
6.000000000000000000e+03 1.072254171536695354e-02 1.189327635387498264e-02 2.152724039960631983e-03 1.707623805091791624e-02 1.937997025783554442e-02 1.789907105969017068e-03 1.194365100757536699e-02 1.319124236132851284e-02 2.252571393375768678e-03 1.908758002579893920e-02 2.246013515798934643e-02 1.621170394173534210e-03
7.000000000000000000e+03 1.046674552140685645e-02 1.199004668091743081e-02 1.876247761721293620e-03 1.680386817373810335e-02 1.868087980750661459e-02 1.382752403292863844e-03 1.170885589397452353e-02 1.378352414819548899e-02 2.213670465937768016e-03 1.897499495238292797e-02 2.185057480941293012e-02 1.225072513939503378e-03
8.000000000000000000e+03 1.037957065519181168e-02 1.217091307139644973e-02 1.965328281656476481e-03 1.687441080039496499e-02 1.838275392314778212e-02 1.339880560958681740e-03 1.174940224718162667e-02 1.409033401345139574e-02 2.332098802235504486e-03 1.916074737081404494e-02 2.142632401494264788e-02 1.387865057879730801e-03
9.000000000000000000e+03 1.003144373724631361e-02 1.212296619048740254e-02 2.010041326947206459e-03 1.636297176376315388e-02 1.791931395764824464e-02 1.401633541865740214e-03 1.120661640205065750e-02 1.404100301564660883e-02 2.377998529017548608e-03 1.859941563005631376e-02 2.083333863533329972e-02 1.328661808753588917e-03
1.000000000000000000e+04 9.768292820866520190e-03 1.196055347909871953e-02 1.993459910589654837e-03 1.613667347264224547e-02 1.755869868446037138e-02 1.415155059382852557e-03 1.097926759891196431e-02 1.384663162258771042e-02 2.338553411527189655e-03 1.849252026521977510e-02 2.041485616604021489e-02 1.413658696767888323e-03
1.100000000000000000e+04 9.742192499911843037e-03 1.191238721460544624e-02 2.358653619466386658e-03 1.594053524017046211e-02 1.737569051540676160e-02 1.498379151056962498e-03 1.064498376243419413e-02 1.378264323849626161e-02 2.566764489260017941e-03 1.826792090953596043e-02 2.016917765636177737e-02 1.368670091426700628e-03
1.200000000000000000e+04 9.608870231936534473e-03 1.172672118682422347e-02 2.284107259868827042e-03 1.587782708235206675e-02 1.709593477325591082e-02 1.533935618760464466e-03 1.063864404097267929e-02 1.349491256965209066e-02 2.443491693252495666e-03 1.832319049099864067e-02 1.986296829621615745e-02 1.480808546680395304e-03
1.300000000000000000e+04 9.700825450524211413e-03 1.158224556599398748e-02 1.920890592501271754e-03 1.611118896607583936e-02 1.696886676805578476e-02 1.465610110393132789e-03 1.108531175514971406e-02 1.354380974713553266e-02 2.295316225292050143e-03 1.861294682374284998e-02 1.964662222364827251e-02 1.631266932695721143e-03
1.400000000000000000e+04 9.661752304590754542e-03 1.163638865585866350e-02 2.261192938972996988e-03 1.598509507715092925e-02 1.712650991408033035e-02 1.499779297058856159e-03 1.056833042777383103e-02 1.363913927572205607e-02 2.614678563090870426e-03 1.824400803309614988e-02 1.972238072460024208e-02 1.428399312900116309e-03
1.500000000000000000e+04 9.495041754548997140e-03 1.135990686755559108e-02 1.987715571590449159e-03 1.588476362654572815e-02 1.692430847463822358e-02 1.416513296578541126e-03 1.064279049557399423e-02 1.333212654563591809e-02 2.359720230552039312e-03 1.827383771926007622e-02 1.953028272731877762e-02 1.453313210030140979e-03
1.600000000000000000e+04 9.525051088612063524e-03 1.128342670680271970e-02 2.205272654641103787e-03 1.577540744321655197e-02 1.684274871641220500e-02 1.468357671736242364e-03 1.042258497767461871e-02 1.324541663345456775e-02 2.502654458789553647e-03 1.811747023589778058e-02 1.944884875880121752e-02 1.396137247626964492e-03
1.700000000000000000e+04 9.902688342585933348e-03 1.093856874908181488e-02 1.867532168672238375e-03 1.604193402038213770e-02 1.652756726579419563e-02 1.719778913663660069e-03 1.138760530971696765e-02 1.275448123845123599e-02 2.237399638917843703e-03 1.868555177372031167e-02 1.920211166880944273e-02 1.953597520029798362e-03
1.800000000000000000e+04 9.445841911481133585e-03 1.106960803652554289e-02 1.923512319312337474e-03 1.588741433043108775e-02 1.666341975865632749e-02 1.399023651292097400e-03 1.069662548167148175e-02 1.306223387251940343e-02 2.301254904423538639e-03 1.830031267017341243e-02 1.917986531643967388e-02 1.507271353938245597e-03
1.900000000000000000e+04 9.554239470229139441e-03 1.075008176712990461e-02 1.811878320903291843e-03 1.578077893040531060e-02 1.641852797915093268e-02 1.469831753332526353e-03 1.096522576905837112e-02 1.269652077956261865e-02 2.157353608936924631e-03 1.837801248555387054e-02 1.903202520257292127e-02 1.644503200702989668e-03
2.000000000000000000e+04 9.701607979398297818e-03 1.058780441612247776e-02 1.787979961829605198e-03 1.577285179082674876e-02 1.629611304367508534e-02 1.609121439961991133e-03 1.112258755150575575e-02 1.237793469806600620e-02 2.092215034743715851e-03 1.846154799729152196e-02 1.898212948280664572e-02 1.762997279992892892e-03
2.100000000000000000e+04 9.413075374741054074e-03 1.077212375130828272e-02 2.000556348988333146e-03 1.557885847696660261e-02 1.649507901469926194e-02 1.418390872072704039e-03 1.047583537583737442e-02 1.276638235727312227e-02 2.385874915397975370e-03 1.792550486222641709e-02 1.901068583828433370e-02 1.449369830529825733e-03
2.200000000000000000e+04 9.423019979627359627e-03 1.057519971929247321e-02 2.130675538175980186e-03 1.535883381912857108e-02 1.622368844024800125e-02 1.466381307886367117e-03 1.028561358677690038e-02 1.255662923483321508e-02 2.416855597818159430e-03 1.774903155348679651e-02 1.882914635209640905e-02 1.397006299807692677e-03
2.300000000000000000e+04 9.289716045616406431e-03 1.009763784417445562e-02 1.699449892444823565e-03 1.516592942145588915e-02 1.569851422473043934e-02 1.474897238706467757e-03 1.064960821705534209e-02 1.197940806099422571e-02 1.990121582332435822e-03 1.787281565894144331e-02 1.841930477843892536e-02 1.584491237630840073e-03
2.400000000000000000e+04 9.532697342485048700e-03 1.063585071586867041e-02 2.551801056192950709e-03 1.536679067665870473e-02 1.609955145483556171e-02 1.880439717980163196e-03 1.013148773238712469e-02 1.265678537693530441e-02 2.972404483388397991e-03 1.733010261545931199e-02 1.851512706832545568e-02 1.795804743690528234e-03
2.500000000000000000e+04 8.927542167908131959e-03 9.812722839566865099e-03 1.718325011567771628e-03 1.461283355285935767e-02 1.500815488539146425e-02 1.580459781462053041e-03 1.028818513103706492e-02 1.163499296200412418e-02 1.979646407364061157e-03 1.730400469210313652e-02 1.775731473651357903e-02 1.714085206592701020e-03
2.600000000000000000e+04 8.820871857282600037e-03 9.800806174953052494e-03 1.664077389956728284e-03 1.453580979148486746e-02 1.487371158602883089e-02 1.660010660824480381e-03 1.028806919445384230e-02 1.159042860340994165e-02 1.940836331828714716e-03 1.723858586377262359e-02 1.763429121524012072e-02 1.863315901858970903e-03
2.700000000000000000e+04 8.905472100350813811e-03 9.829185283358000957e-03 1.725497827135390010e-03 1.456699477309573651e-02 1.486013895634945292e-02 1.785599612421229091e-03 1.041253059385091780e-02 1.150159954900702684e-02 1.970041132814221493e-03 1.725587447912912617e-02 1.761711918031742125e-02 2.007313270329634265e-03
2.800000000000000000e+04 8.419101936671271810e-03 1.003527769198527334e-02 2.060512212749105246e-03 1.414065287255415922e-02 1.490206360853491008e-02 1.482789780010884640e-03 9.242731918691959869e-03 1.196384693862692812e-02 2.324224028071172725e-03 1.641235299530312275e-02 1.749921703264022479e-02 1.438025835954378313e-03
2.900000000000000000e+04 8.589005742006166830e-03 1.001333669003960994e-02 2.439464253121517798e-03 1.407110584328262123e-02 1.486622081019134400e-02 1.581902682171683122e-03 9.033756290515466275e-03 1.192423455129750128e-02 2.544274985953388826e-03 1.626220803416506336e-02 1.745828800355541874e-02 1.409785156621412008e-03
3.000000000000000000e+04 8.238600116927572228e-03 9.900554492149424290e-03 2.006722388988918613e-03 1.387278002375428448e-02 1.469828122600681623e-02 1.438355889299268225e-03 9.078381514262903046e-03 1.177641203518482726e-02 2.200902707151101804e-03 1.619129940942322723e-02 1.731033817959422988e-02 1.393084200429668034e-03
3.100000000000000000e+04 8.017771029217163337e-03 9.807743045638053075e-03 1.683029988497357701e-03 1.392605244442564165e-02 1.458815544111499024e-02 1.347718912725640213e-03 9.309787347682112191e-03 1.169182667725878963e-02 2.003345624621758088e-03 1.633803125457411812e-02 1.714107864450724328e-02 1.526328828849470368e-03
3.200000000000000000e+04 7.904514872492348840e-03 9.964342260253136047e-03 1.850956431096410044e-03 1.382357994732333166e-02 1.465793770262455858e-02 1.313141248695455380e-03 8.967918413609056796e-03 1.187234464706240882e-02 2.207781943386967743e-03 1.608366878349639512e-02 1.713018072911780612e-02 1.414867318201286708e-03
3.300000000000000000e+04 8.289843972122998284e-03 1.037463587178879577e-02 2.561107432655373300e-03 1.389679963310997204e-02 1.493928143207181973e-02 1.598177089372816110e-03 8.755212330922117897e-03 1.234136631592287238e-02 2.966198687320395662e-03 1.580364991382289183e-02 1.728162842688491310e-02 1.514219344355086138e-03
3.400000000000000000e+04 8.439039539690626132e-03 9.585780762451404438e-03 1.721862032400063103e-03 1.410786702099077472e-02 1.455593962879063973e-02 1.641516334233968826e-03 9.899083368189514828e-03 1.130604496024977500e-02 2.024451550247507309e-03 1.663466324088409484e-02 1.721673216191265191e-02 1.876740071929831671e-03
3.500000000000000000e+04 7.807576632305033085e-03 1.006079435323449511e-02 2.180256775277113115e-03 1.355115187289470530e-02 1.463203991671369400e-02 1.340715416243525027e-03 8.551428558338330238e-03 1.198699001001967725e-02 2.561418611046712996e-03 1.564209856028686216e-02 1.705439150796517547e-02 1.337883247827168724e-03
3.600000000000000000e+04 8.232660434762336527e-03 9.474159256811200136e-03 1.777154564104560346e-03 1.393263119665842827e-02 1.436240126845968537e-02 1.575227286949458776e-03 9.695847047251541714e-03 1.129722699585753928e-02 2.079723625787845923e-03 1.643777862998752060e-02 1.699255269847363414e-02 1.850826937057239172e-03
3.700000000000000000e+04 7.936024310227515408e-03 9.440356848602468251e-03 1.686985339915496795e-03 1.371459259423612673e-02 1.433134186366349754e-02 1.421526027749748459e-03 9.344636972060418184e-03 1.125792335404911942e-02 2.011497122251527155e-03 1.619790522012857364e-02 1.695631385480835668e-02 1.665914267180759181e-03
3.800000000000000000e+04 7.545150082606366659e-03 9.512636446750587574e-03 1.747096371651256494e-03 1.341478079662522874e-02 1.425472999711063782e-02 1.219693007113296923e-03 8.846433512096124954e-03 1.135000375431826324e-02 2.072388249973317748e-03 1.582627889137067784e-02 1.681111806656627322e-02 1.418765845536240633e-03
3.900000000000000000e+04 7.338235000591762126e-03 9.602626125501560056e-03 1.904968534843430768e-03 1.318817690634180480e-02 1.424469911512320740e-02 1.146130171550647147e-03 8.334222901477100071e-03 1.145877936028164186e-02 2.267294122912341756e-03 1.544747466843011084e-02 1.675246339546189109e-02 1.220517085888434558e-03
4.000000000000000000e+04 7.925282697897363671e-03 9.235383747172360228e-03 1.785761010414520667e-03 1.368357605084891994e-02 1.428418327875007575e-02 1.459738145481851964e-03 9.337759767927127433e-03 1.100827410721223927e-02 2.135662020972978106e-03 1.616051320834726093e-02 1.692032302894476425e-02 1.715498690565964634e-03
4.100000000000000000e+04 7.374604251196813232e-03 9.884754768699755695e-03 2.569055242437132645e-03 1.299869343791753597e-02 1.438630182534286241e-02 1.330310836219204471e-03 7.856418524657874866e-03 1.176709743529094805e-02 2.988650103702059774e-03 1.491725514019296046e-02 1.677648161141995220e-02 1.252763062041738554e-03
4.200000000000000000e+04 7.695884504056065174e-03 9.200434789388631240e-03 1.821041550220004347e-03 1.344236397945023850e-02 1.420794701142623004e-02 1.357821484502873309e-03 9.071213459368813667e-03 1.097509225413643812e-02 2.165483427822281672e-03 1.588338551694042783e-02 1.684224870706295743e-02 1.593593980987770536e-03
4.300000000000000000e+04 6.816608952776385608e-03 9.539189761129756445e-03 2.119404982265852069e-03 1.270089404622367669e-02 1.407773229437702701e-02 1.014250720058954046e-03 7.806327915037469464e-03 1.133653295684946410e-02 2.539367623514228369e-03 1.485358156504605967e-02 1.652457306091332026e-02 1.130182001916442891e-03
4.400000000000000000e+04 6.745382619052602002e-03 9.550430057511494208e-03 2.288495580451171268e-03 1.256155816976172769e-02 1.409271377057766915e-02 1.045512678375691085e-03 7.562667436514969484e-03 1.135369687169517083e-02 2.737420120977543479e-03 1.460108735558165831e-02 1.652591411756797884e-02 1.105865571989905023e-03
4.500000000000000000e+04 6.736008537830501415e-03 9.775257693254497948e-03 2.648272993811845444e-03 1.249616895111627102e-02 1.418692417286219164e-02 1.207019255558816877e-03 7.381072562721401401e-03 1.154856475276050398e-02 3.173409162402450294e-03 1.431626043638796475e-02 1.648325932848567626e-02 1.258266107655572896e-03
4.600000000000000000e+04 6.559651176695364613e-03 9.711889393865689654e-03 2.660212304404656336e-03 1.231105390056356358e-02 1.408134419250328152e-02 1.143326099553112563e-03 7.281204244985442844e-03 1.144726969383628827e-02 3.189422193556241698e-03 1.414860122586319990e-02 1.638001294208597455e-02 1.234943880181432361e-03
4.700000000000000000e+04 7.197841601010679553e-03 8.908553234678638980e-03 1.982780835454585246e-03 1.293325744504339285e-02 1.411686947981175520e-02 1.250817669108484102e-03 8.472489880934038972e-03 1.062984030577560600e-02 2.355245502640477152e-03 1.529897196702633376e-02 1.675502408627754097e-02 1.450384650617442825e-03
4.800000000000000000e+04 7.065000471917209403e-03 8.878040790691325151e-03 2.030738286539482493e-03 1.270121459691338217e-02 1.398504825468327092e-02 1.218141284939983776e-03 8.298842752454415467e-03 1.058923833220247121e-02 2.377026561680475967e-03 1.502524190847573902e-02 1.660528497434203901e-02 1.390818192214338025e-03
4.900000000000000000e+04 6.291066891272911916e-03 9.043688762343843682e-03 2.084875038835596987e-03 1.190993500505673451e-02 1.367093623198195607e-02 8.170043180262672941e-04 7.402639667988441391e-03 1.076482886517251061e-02 2.460572893980638928e-03 1.410363876908464834e-02 1.621686964001017167e-02 9.534355607913344664e-04
5.000000000000000000e+04 6.250209380894127496e-03 9.012650601188075539e-03 2.152711914625297235e-03 1.176229955379485236e-02 1.355815587358832029e-02 8.663388862646326715e-04 7.358751167563626350e-03 1.070826009905238851e-02 2.465628070008749756e-03 1.394052230008906504e-02 1.608799960057171949e-02 9.853285689074137415e-04
5.100000000000000000e+04 6.218447497017516763e-03 9.040181252847745777e-03 2.110241409331816385e-03 1.168802680939893222e-02 1.354496985917565989e-02 8.092926969857527257e-04 7.327253097563999132e-03 1.077822694706551468e-02 2.504215875559126676e-03 1.385801047677637753e-02 1.609890197739281131e-02 9.428236006024683351e-04
5.200000000000000000e+04 5.716969141229716854e-03 9.332396453154565702e-03 2.633957591208354546e-03 1.107174008367912792e-02 1.329254960486151924e-02 8.390366708735922828e-04 6.563080097781408620e-03 1.104531343344826270e-02 3.148520889868369234e-03 1.295232944348669903e-02 1.566992129958880847e-02 9.596633453067413477e-04
5.300000000000000000e+04 5.617369609840936091e-03 9.615431582916800571e-03 2.989386015883294806e-03 1.084273912115392077e-02 1.325305891715595173e-02 1.066963686507087271e-03 6.564848565498829051e-03 1.116847056036753688e-02 3.352944498571952883e-03 1.268442039278458271e-02 1.546744690330068700e-02 1.245581965304397775e-03
5.400000000000000000e+04 5.445081043285100383e-03 9.393564562559774886e-03 2.785479943860053910e-03 1.056111439385922640e-02 1.292198931032211527e-02 9.159918109041510163e-04 6.349099824784019269e-03 1.100202935874382282e-02 3.208409077309776810e-03 1.238359259699058253e-02 1.517946236188805892e-02 1.071785994704426478e-03
5.500000000000000000e+04 5.653788906208163934e-03 9.101282734731881707e-03 2.370507207406669526e-03 1.055587788000762056e-02 1.277661579317924956e-02 8.404749779506342274e-04 6.614927301475647878e-03 1.082705847346838481e-02 2.694892361521462453e-03 1.249786240877880095e-02 1.518995887714998799e-02 9.099408822579164958e-04
5.600000000000000000e+04 5.247112788392147530e-03 9.212889567167537042e-03 2.584014749697211358e-03 1.004042365613033207e-02 1.245919942612166813e-02 8.419907752764645885e-04 6.160281730590197805e-03 1.091050671121891399e-02 2.928878844898721509e-03 1.190016596238514801e-02 1.478797222117895355e-02 9.404146602416393408e-04
5.700000000000000000e+04 5.174341559210895308e-03 9.229828173227956969e-03 2.555264431925791373e-03 9.814730883641273676e-03 1.227982061087538705e-02 8.252125654032900232e-04 6.083932137228431972e-03 1.099043295000916992e-02 3.025849109547332737e-03 1.163769684781772520e-02 1.459662792547944399e-02 9.595924885352455662e-04
5.800000000000000000e+04 6.007209383609687751e-03 9.290162169434129300e-03 2.526639952853913188e-03 1.039104253143760016e-02 1.234967337652385054e-02 1.234428798608531172e-03 6.800514317546904261e-03 1.107788913836154493e-02 2.866439386777414056e-03 1.201491872159383620e-02 1.457295106550510720e-02 1.265316307887157012e-03
5.900000000000000000e+04 5.159340057406945623e-03 9.232597445272158060e-03 2.967837552765033478e-03 9.463308365682640555e-03 1.187674021526728685e-02 1.089844711112342591e-03 6.025358659996126950e-03 1.098828244801845766e-02 3.554500952711477785e-03 1.118321748813545791e-02 1.411268465316567293e-02 1.275558132610568130e-03
6.000000000000000000e+04 4.858699572327487663e-03 9.325693792318819411e-03 2.888091694765345697e-03 9.113966697477183035e-03 1.169836056567682449e-02 1.059961562409334271e-03 5.697037357275725779e-03 1.104171120847221785e-02 3.313098814273539219e-03 1.080380223104914286e-02 1.389283842505626906e-02 1.216127055155568921e-03
6.100000000000000000e+04 5.063470826793881226e-03 9.346551252406264110e-03 3.177011539794460850e-03 9.146376467957332071e-03 1.156834221821968767e-02 1.205670281628294952e-03 5.926599793642287582e-03 1.100357167378572532e-02 3.767820671362904789e-03 1.074017198840901063e-02 1.371702455320291010e-02 1.422246609410688853e-03
6.200000000000000000e+04 4.939981092204401639e-03 9.136477146842555963e-03 2.639971571866407164e-03 8.928099562650816667e-03 1.130397581513900053e-02 1.067086413250586171e-03 5.789655757389806576e-03 1.088658860147280645e-02 3.124631168319048479e-03 1.058011811289481449e-02 1.341469659394661958e-02 1.243696669007286499e-03
6.300000000000000000e+04 4.965926640238892131e-03 9.474728574675536294e-03 3.235683412328242345e-03 8.995835747110585839e-03 1.146632304649644607e-02 1.305162564876381033e-03 5.809536362963376929e-03 1.115884763861929412e-02 3.636660700628132660e-03 1.065509297476205895e-02 1.360228733574616634e-02 1.500122052111848474e-03
6.400000000000000000e+04 5.202911604000003826e-03 9.166428694923430334e-03 3.139078565335019257e-03 9.140684316164953208e-03 1.127534860414799479e-02 1.283777023571332004e-03 6.093766150345986121e-03 1.077497932325140358e-02 3.738159863373083543e-03 1.069008776089997413e-02 1.337356830998539907e-02 1.517527979374951649e-03
6.500000000000000000e+04 4.946043456997576727e-03 9.169870511095653751e-03 2.922402962902526970e-03 8.847526461195211883e-03 1.115638910854120300e-02 1.182247791490113453e-03 5.815172758873602375e-03 1.084523377357501234e-02 3.435083350331093362e-03 1.045638683167690250e-02 1.325207904153254297e-02 1.389942807297573539e-03
6.600000000000000000e+04 5.213220650771142883e-03 9.174619500645330925e-03 3.160454976421394301e-03 9.085211403060813179e-03 1.114808182695953970e-02 1.309473599448848649e-03 6.126587734141043275e-03 1.076358867495977138e-02 3.732435637977054091e-03 1.063481285460017578e-02 1.321424060289874344e-02 1.549759536067216387e-03
6.700000000000000000e+04 4.844310723984519146e-03 8.960654490945558701e-03 2.387736051483394049e-03 8.781119461341064733e-03 1.095207630117182862e-02 1.078610903600423247e-03 5.539163093381259916e-03 1.070089513346130818e-02 2.743759357242253703e-03 1.032947046911823416e-02 1.298146453731659905e-02 1.189497060052121342e-03
6.800000000000000000e+04 5.179359571669639277e-03 8.860747623538431372e-03 2.231248437992642067e-03 9.050056797045590018e-03 1.097992548410002371e-02 1.137283651703045045e-03 5.893326309107287456e-03 1.056528716669679138e-02 2.638159757582056279e-03 1.055499024303853395e-02 1.288672535850634952e-02 1.276072827540025711e-03
6.900000000000000000e+04 4.868763483453453396e-03 8.810618922574882037e-03 2.481215860400017015e-03 8.615312681439229667e-03 1.072588683356474372e-02 1.047906972044612261e-03 5.709340407040000911e-03 1.050135347327176873e-02 2.945590844266419029e-03 1.021120116644523394e-02 1.274178825822915376e-02 1.228426269694425123e-03
7.000000000000000000e+04 4.958456455372500099e-03 8.774050112564171777e-03 2.185996421221070990e-03 8.762707522200222088e-03 1.071908319785194220e-02 1.050205916900457271e-03 5.698542243392921286e-03 1.046526006899254485e-02 2.592597676866081717e-03 1.028942107144460022e-02 1.264280606031653598e-02 1.193437167058653469e-03
7.100000000000000000e+04 5.026276937033677741e-03 8.770350709798873864e-03 2.657005614771778233e-03 8.604101485942801039e-03 1.069047968225884070e-02 1.090043425032746153e-03 5.920222112175798322e-03 1.041635097591258469e-02 3.181489935646308713e-03 1.013379588576027862e-02 1.270429012266797129e-02 1.291412598906498425e-03
7.200000000000000000e+04 4.945144793230073048e-03 8.881997209301805904e-03 2.349941563857269392e-03 8.815307859453627715e-03 1.066715510372787112e-02 1.109578017094961467e-03 5.444511608691438367e-03 1.057844005341112593e-02 2.702341550651396907e-03 1.016559314512992598e-02 1.255753752541364024e-02 1.174338949825583017e-03
7.300000000000000000e+04 4.869420919565886283e-03 8.686537294892162156e-03 2.226557004951006721e-03 8.583353082238634468e-03 1.047981724380734475e-02 1.038080395471035729e-03 5.501920863157387133e-03 1.035105497960553574e-02 2.613000984237965306e-03 1.004615829082053553e-02 1.236307422720944911e-02 1.153188831347838313e-03
7.400000000000000000e+04 5.012508723166432707e-03 8.745192628000270432e-03 2.170452816952315490e-03 8.767586134363798689e-03 1.057995306912957144e-02 1.025538340480283608e-03 5.615359477581679387e-03 1.037211732210220963e-02 2.580200642415645361e-03 1.015913921734113573e-02 1.236758839502984271e-02 1.145435290052684331e-03
7.500000000000000000e+04 4.640014643495287035e-03 8.660697725563604177e-03 2.480469607239596617e-03 8.197565630797388689e-03 1.040167256323561162e-02 9.490637951337490890e-04 5.419684485076154724e-03 1.031900476193757868e-02 2.947602216034270022e-03 9.712909490560917014e-03 1.235541203162356105e-02 1.117481278412603115e-03
7.600000000000000000e+04 4.558461990604609389e-03 8.548822498991784716e-03 2.297917205222887744e-03 8.144088699688419031e-03 1.026172126663687199e-02 8.719961594923436934e-04 5.279679134187071840e-03 1.019976763229997474e-02 2.735355508289825672e-03 9.645439683080377427e-03 1.216236836062821805e-02 1.017735349294426580e-03
7.700000000000000000e+04 5.178617113832354076e-03 8.581630503685849787e-03 2.280244728886281907e-03 8.707812654510274641e-03 1.046010898778740143e-02 1.080338627029548857e-03 5.971343985687169523e-03 1.013092909622874925e-02 2.723798894059014254e-03 1.022031680369258483e-02 1.221654792226796807e-02 1.274936681159727315e-03
7.800000000000000000e+04 4.481953742862469781e-03 8.601177361768566274e-03 2.374461156877161888e-03 8.059318146556984641e-03 1.011234414879274603e-02 8.829696524781740791e-04 5.046915035071667700e-03 1.023965801560034437e-02 2.803729651150108255e-03 9.465446461139830070e-03 1.194598052506751044e-02 9.997889612662373346e-04
7.900000000000000000e+04 5.107849829070356881e-03 8.714385029507085850e-03 3.118511919977647040e-03 8.391274500934848071e-03 1.024449439509089385e-02 1.055408764107258887e-03 6.017554898543212537e-03 1.029083136585001550e-02 3.735066596704021257e-03 9.652704015978093646e-03 1.215650014509495058e-02 1.240764348075276604e-03
8.000000000000000000e+04 4.366371365714736240e-03 8.510663788180617903e-03 2.414833662708795736e-03 7.912387302274897713e-03 9.925417247995919554e-03 8.262966798019853384e-04 4.915898458355077126e-03 1.011731977966037234e-02 2.867007324258410463e-03 9.299243583026689866e-03 1.171319233157301978e-02 9.505937084609587459e-04
8.100000000000000000e+04 4.242326641791966182e-03 8.538511497346266965e-03 2.611162552981402627e-03 7.682867849486770331e-03 9.799430773567758060e-03 8.613099602057746901e-04 4.827190605422772111e-03 1.018093098175138107e-02 3.086885345515663105e-03 9.087969663608603393e-03 1.161900686939621591e-02 1.000151845363562476e-03
8.200000000000000000e+04 4.191527809971380344e-03 8.636781089721269969e-03 2.757998977600088341e-03 7.590499392013499470e-03 9.741204968472612705e-03 8.976264321971788715e-04 4.735097505141475267e-03 1.029230886254086687e-02 3.267336594678768493e-03 8.958074912313150270e-03 1.153459728065244980e-02 1.033737626315111170e-03
8.300000000000000000e+04 4.268205593708779798e-03 8.267235709904173155e-03 2.536737099167504783e-03 7.513627025576274758e-03 9.642835235999798471e-03 7.072905599699568641e-04 5.005833521934253960e-03 9.861074674952513205e-03 3.036902665310126613e-03 8.870969728372377419e-03 1.144075232958163997e-02 8.367508921174174113e-04
8.400000000000000000e+04 4.325506606529692585e-03 8.202790153413330385e-03 2.499344466649438407e-03 7.487062042824284107e-03 9.608460787429102049e-03 6.836380845847073780e-04 5.081192234538543101e-03 9.767433399681635722e-03 2.973360577908016993e-03 8.860874153899925276e-03 1.137583854675280545e-02 8.040609800627273674e-04
8.500000000000000000e+04 4.086438817208029942e-03 8.107132510931579564e-03 2.490139371691714020e-03 7.401718422158386212e-03 9.418956313127764199e-03 6.541844759687980492e-04 4.756813220913130164e-03 9.631821428409310243e-03 2.975401140697382478e-03 8.770870822688393159e-03 1.114161992004269151e-02 7.744523731611291850e-04
8.600000000000000000e+04 4.073261785751034446e-03 8.250138106619623463e-03 2.862136518615004607e-03 7.246405721945401064e-03 9.328433593742262511e-03 6.917924521679146488e-04 4.799282398365523929e-03 9.844589765223147812e-03 3.419592626110629432e-03 8.476082937292746255e-03 1.106465273482390085e-02 8.039814381044785296e-04
8.700000000000000000e+04 4.022686313712930777e-03 8.104221577154306980e-03 2.576868229635617766e-03 7.442247182632945150e-03 9.318051909974789035e-03 6.873374370793104574e-04 4.619450555235792011e-03 9.532450296770340545e-03 3.061419904363804449e-03 8.786646633859173869e-03 1.092554944555408636e-02 8.155262433618798131e-04
8.800000000000000000e+04 3.903061136930594671e-03 8.288808210825065678e-03 3.198977453349909680e-03 7.104501361470249611e-03 9.154804712790592935e-03 7.808989536476140325e-04 4.598486485232509274e-03 9.878659057569943308e-03 3.827511671360247364e-03 8.225231673773692603e-03 1.083328978993649064e-02 9.085087626497134923e-04
8.900000000000000000e+04 3.479332010456306305e-03 8.148081028216543412e-03 2.936084756692612912e-03 6.895916863894496936e-03 8.909709848311644920e-03 8.281194979631712307e-04 3.958436028448513583e-03 9.659666363661639776e-03 3.512948190004700020e-03 8.144461928609729451e-03 1.050705500721515508e-02 9.832065967517028809e-04
9.000000000000000000e+04 3.658413872331440272e-03 7.724626124725366381e-03 2.762317369250032271e-03 7.108706904454020585e-03 8.923187722839820077e-03 7.345858422190466213e-04 4.249455798200705257e-03 9.114577086473181489e-03 3.269910182434462940e-03 8.414067315545144601e-03 1.051513290697684427e-02 8.605909397344687880e-04
9.100000000000000000e+04 3.715061238081202727e-03 7.672139044874536074e-03 2.880201256098097792e-03 7.144229170550093350e-03 8.945077251959969444e-03 7.826523490804714522e-04 4.355522294515984209e-03 9.057264981435619172e-03 3.378448828472122543e-03 8.456387721737504068e-03 1.054486696608222113e-02 8.958308193051639891e-04
9.200000000000000000e+04 3.022252810101707949e-03 7.704057479685377623e-03 3.101890827830842880e-03 6.395147478032073458e-03 8.430351800071322552e-03 6.846705578188798077e-04 3.546793837270392682e-03 9.191776901059166976e-03 3.703029043269519087e-03 7.532768050904989007e-03 9.985131519152862581e-03 8.003579999849300608e-04
9.300000000000000000e+04 3.030525322886186597e-03 7.461030785412610389e-03 3.160144572653586590e-03 6.361331129695513460e-03 8.375817814945781675e-03 6.316468900596411461e-04 3.560965173001312632e-03 8.905650941827743597e-03 3.756543242014270378e-03 7.431109161471161073e-03 9.911661788327995326e-03 7.094840251521341993e-04
9.400000000000000000e+04 2.997110415402140949e-03 7.285737616923528351e-03 3.064312080947958431e-03 6.541396587467308843e-03 8.553442130761389206e-03 7.305206458949870365e-04 3.486447207580233108e-03 8.587883614122023349e-03 3.605101801170931125e-03 7.718679773539922212e-03 1.005565896469359094e-02 8.563046196223091967e-04
9.500000000000000000e+04 3.458410580542522345e-03 7.092421548004253749e-03 3.259966722488156967e-03 7.009949353832103068e-03 8.829845574698824348e-03 1.131927109929559399e-03 4.026296291550996408e-03 8.302874468511047684e-03 3.796688808491389608e-03 8.236674321053827005e-03 1.030965641814566430e-02 1.332252616624643622e-03
9.600000000000000000e+04 3.111060855868574490e-03 6.799295629603486872e-03 3.372206073849622152e-03 6.285576237191189616e-03 8.390215864349669442e-03 7.567475310810628042e-04 3.600719668479508782e-03 8.113382702935741445e-03 3.975749056114067162e-03 7.277589674203535988e-03 9.911458970500870366e-03 8.107921567882435876e-04
9.700000000000000000e+04 2.669099673418052522e-03 6.610638347719130677e-03 3.090002499919588044e-03 5.992466053148595879e-03 8.012037888236260216e-03 6.996087908508324136e-04 3.140746906793864205e-03 7.882008420532988016e-03 3.643164382785422668e-03 7.062024878415289371e-03 9.487947921760891620e-03 7.984758147883194842e-04
9.800000000000000000e+04 2.805620510365570541e-03 6.464145652852412022e-03 3.065342578552983279e-03 6.057078427652883186e-03 7.973053344534708833e-03 6.689936777961311750e-04 3.267504138665435973e-03 7.710133968506232768e-03 3.602974733045313793e-03 7.085573893950872053e-03 9.438473717825366163e-03 7.321123585439137833e-04
9.900000000000000000e+04 3.894082947107224777e-03 7.898949148069820889e-03 5.064845188121371890e-03 6.908249957039581252e-03 8.946539943165340847e-03 2.418770493809631415e-03 4.590806029701846244e-03 9.175226145921143092e-03 6.034254961845636304e-03 7.992860342508335131e-03 1.041173579398108756e-02 2.895557336810457554e-03
1.000000000000000000e+05 2.729175156708990319e-03 6.337614609949132095e-03 2.897092638863136421e-03 6.029660736823757444e-03 7.769830641636103763e-03 7.366984806656773311e-04 3.210136849486316946e-03 7.548623226173060280e-03 3.384440091200631526e-03 7.112746938188697389e-03 9.192002481155415322e-03 8.300635502291435226e-04
