# step, loss_train, loss_test, metrics_test
0.000000000000000000e+00 6.513831281876259993e+01 3.425106575748696258e+01 6.884786948907053272e+01 1.137179041431692816e+01 1.991833607982590904e+00 1.480795329387246717e+01 3.472807193869424935e+01 2.757841140127963797e+01 3.744254408339466522e+01 3.846477162135208960e+00 2.270146964296416936e+00 1.758611143839605617e+01
1.000000000000000000e+03 3.144377219187727945e+01 9.864392344370520149e+00 2.201206213342435447e+01 1.153263848051773621e+00 2.855722107510854091e+00 1.243800407016380483e+01 1.703919966468132685e+01 1.162716062214598800e+01 9.571958983457227177e+00 1.017115619882688060e+00 3.176006065683723900e+00 1.400723564793146281e+01
2.000000000000000000e+03 1.083572782175667992e+00 6.933520406812054837e-01 2.714832434153829688e+00 2.287997986922326366e+00 2.528503258001140619e+00 1.543225959908117728e+00 1.052494687164308163e+00 7.601523813288250109e-01 1.936236582529031747e+00 2.588323510383047310e+00 2.513733564444407875e+00 1.730701016128883163e+00
3.000000000000000000e+03 1.976292574289335580e-01 1.185111762840808103e-01 4.255825265018153836e-01 2.835205810279561867e-01 9.158058749879195437e-01 2.187516039176184701e-01 2.263486065226392452e-01 1.328757107367878332e-01 4.105775156166102113e-01 3.175631948087296874e-01 1.021849580038884930e+00 2.187100822915624132e-01
4.000000000000000000e+03 2.131800475187273225e-01 5.641983510940579843e-02 8.639027710531105297e-02 6.825264085183339879e-02 4.074137491873447980e-01 6.583636026835300303e-02 2.326496272323787806e-01 6.078543659358809359e-02 9.510025590610739210e-02 7.222624014335284059e-02 4.623862021792703447e-01 7.221608791212132117e-02
5.000000000000000000e+03 1.606655466801320264e-01 3.861394870401802654e-02 3.386082531055874256e-02 3.185460266664925932e-02 2.094078046089180856e-01 5.021842709048879999e-02 1.899030428650887448e-01 3.862512578574493760e-02 3.621561002174617655e-02 3.289141074231702322e-02 2.449562441103995403e-01 5.526827881519768421e-02
6.000000000000000000e+03 1.403201590411610467e-01 2.762440835891156674e-02 2.809155764035156308e-02 2.487064088893049807e-02 1.294943757731780165e-01 3.591558232413995244e-02 1.668734407189088331e-01 3.082393734089853080e-02 3.022734831905465186e-02 2.661488056435536154e-02 1.526375169340718208e-01 4.017365655567425864e-02
7.000000000000000000e+03 1.363169192668461649e-01 2.694970536031102495e-02 3.053296034220198685e-02 2.390903992800572087e-02 1.068431312769217989e-01 3.128851219692544566e-02 1.603406367096062990e-01 3.060269343194436248e-02 3.194463550914747318e-02 2.626274152324863109e-02 1.266636516920480737e-01 3.490861986969479025e-02
8.000000000000000000e+03 1.364177031683034558e-01 2.567052980965443126e-02 3.811201395129880376e-02 2.609460001940541382e-02 9.821524406270518148e-02 3.032830878787565881e-02 1.565813986953456249e-01 2.937131567976015642e-02 3.827900026966842700e-02 2.949678010145733581e-02 1.167556624044751717e-01 3.395212124360760114e-02
9.000000000000000000e+03 1.257801520020262465e-01 3.212258470341046446e-02 3.097719447061803369e-02 3.284919506566184172e-02 9.332974037584312876e-02 3.448502158894823505e-02 1.497038034119339833e-01 3.749980293995086589e-02 3.697884154237568444e-02 3.800909097040271883e-02 1.105682082814753581e-01 3.885402084830438807e-02
1.000000000000000000e+04 1.233342620417742647e-01 2.508315043837666680e-02 3.067596707021886041e-02 2.482674301682402315e-02 8.794743155824934211e-02 2.810931047585533277e-02 1.444822255505164299e-01 2.849182529910815678e-02 3.371000967871766452e-02 2.854176747651079177e-02 1.044797498615851333e-01 3.136272373799380009e-02
1.100000000000000000e+04 1.223347861627934324e-01 2.422678380807656573e-02 3.107242432020582493e-02 2.418289378405357945e-02 8.652023042976147993e-02 2.705696212232194461e-02 1.434071399565152172e-01 2.779839662149709983e-02 3.388537717034150604e-02 2.770366791235828394e-02 1.026116294626915892e-01 3.037289469307010575e-02
1.200000000000000000e+04 1.210013003141682253e-01 2.452582404975255786e-02 3.085653610749684514e-02 2.463941498672743424e-02 8.523755463372705010e-02 2.688050685723115951e-02 1.408234596737522881e-01 2.779343375183625925e-02 3.356780259601463423e-02 2.861092350895290057e-02 1.009895979349830636e-01 3.005926655679640180e-02
1.300000000000000000e+04 1.213356057947520550e-01 2.355158677598402639e-02 3.189815102514245021e-02 2.369380168329069183e-02 8.454808505471705926e-02 2.608632960343262863e-02 1.428593514331484571e-01 2.713043338849731312e-02 3.523872761200106535e-02 2.706936308743041614e-02 1.000150651367658350e-01 2.943819618738556521e-02
1.400000000000000000e+04 1.202998460704023664e-01 2.353567710686684314e-02 3.180469481466863257e-02 2.366867916297159605e-02 8.329200056646661465e-02 2.558938560403635140e-02 1.418061482271844587e-01 2.704805475213204261e-02 3.548878194872901598e-02 2.709832683552717073e-02 9.847230861545899772e-02 2.893134275168336017e-02
1.500000000000000000e+04 1.164057461990143510e-01 2.750252860328313703e-02 2.866344956457220206e-02 2.711143589760663108e-02 8.117415419045044545e-02 2.773846885992478639e-02 1.388105439905402416e-01 3.190781743464356224e-02 3.406054764414166020e-02 3.157431439871245804e-02 9.585952088285704109e-02 3.146293456828110069e-02
1.600000000000000000e+04 1.163830011306928175e-01 2.432850341971217953e-02 3.032523136878374076e-02 2.374668072494792032e-02 7.975809322732906048e-02 2.473615684009339635e-02 1.372168520741394171e-01 2.789751054646994258e-02 3.443361022293531942e-02 2.739089634918017574e-02 9.422072400822661953e-02 2.798669085594707520e-02
1.700000000000000000e+04 1.143748828074857143e-01 2.637146577837184633e-02 2.849709153451534041e-02 2.540181999161826923e-02 7.793673119541467964e-02 2.591552343586777177e-02 1.366393496551217002e-01 3.050535841154556130e-02 3.394991030813744592e-02 2.950964633837242085e-02 9.194633671364314809e-02 2.940612127431694450e-02
1.800000000000000000e+04 1.125848426669484176e-01 2.599970062685446129e-02 2.842267745601862253e-02 2.486278762941668968e-02 7.628585925270198187e-02 2.503666598644287838e-02 1.345111067853129450e-01 2.990648415499028850e-02 3.382256443486082037e-02 2.893249258369501656e-02 9.000800020292322456e-02 2.837764288609185073e-02
1.900000000000000000e+04 1.117848006393581256e-01 2.553844466410194747e-02 2.899357952734989835e-02 2.423103276074619825e-02 7.483155522415478600e-02 2.430490539316968596e-02 1.334221518787988003e-01 2.926163717719740959e-02 3.441963024027840795e-02 2.814968773469309765e-02 8.823124234818929823e-02 2.756521842454542903e-02
2.000000000000000000e+04 1.104470961042178234e-01 2.553775237574994542e-02 2.933561701711925179e-02 2.418730015269174305e-02 7.334751446743836834e-02 2.376270382147636223e-02 1.311060930159168303e-01 2.900882750619418818e-02 3.444886343870948858e-02 2.819683384727205214e-02 8.648251933467826502e-02 2.683956073978834705e-02
2.100000000000000000e+04 1.091840866167996249e-01 2.603086525646357632e-02 2.937639541882883579e-02 2.461536028975813348e-02 7.187254723492697561e-02 2.383544232378415062e-02 1.304505990622801814e-01 2.981608981867714739e-02 3.501156212102986970e-02 2.873402370424681454e-02 8.467739045092305405e-02 2.701924667241300052e-02
2.200000000000000000e+04 1.117219868765899349e-01 2.778134361115357567e-02 3.223207625343205152e-02 2.677522689783431997e-02 7.123160994863285411e-02 2.548201904614843388e-02 1.314950125755229293e-01 3.235945964647603951e-02 3.687483081056025513e-02 3.154616110581373589e-02 8.368967519491551932e-02 2.902369117292792969e-02
2.300000000000000000e+04 1.071968329440838863e-01 2.665540010535598706e-02 3.050263062145222234e-02 2.514768688470059646e-02 6.880503167256599162e-02 2.367587279558622596e-02 1.279389218855203902e-01 3.071472866466097920e-02 3.613299688273339388e-02 2.954804079835439759e-02 8.093970162439681482e-02 2.690361948506695550e-02
2.400000000000000000e+04 1.097662728200899385e-01 2.767820818690907778e-02 3.384355708732680185e-02 2.626383074376830926e-02 6.782955503820768672e-02 2.437249833873934846e-02 1.283477181969882308e-01 3.227053725503187948e-02 3.802244191758177849e-02 3.104642944270168819e-02 7.956356127615028806e-02 2.776240535282510288e-02
2.500000000000000000e+04 1.057128363421784706e-01 2.567240217622944118e-02 3.334411736274595778e-02 2.375209701766011275e-02 6.581140537945300018e-02 2.129148997827182838e-02 1.227042225610428805e-01 2.806695136214870309e-02 3.805956075855190107e-02 2.758553231179813187e-02 7.732902314073424044e-02 2.394556702093888351e-02
2.600000000000000000e+04 1.025989699124047611e-01 2.676037341243011139e-02 3.199946754505618440e-02 2.519636497119575463e-02 6.364430553288676073e-02 2.217170329567758405e-02 1.220110246970411289e-01 3.084934800774086563e-02 3.742598372470874735e-02 2.972134915460893784e-02 7.474702267610545958e-02 2.521002891585645556e-02
2.700000000000000000e+04 9.919894767806736180e-02 2.725529757742261097e-02 3.216342890218056721e-02 2.493981817433141637e-02 6.224574661891504185e-02 2.211747071876936019e-02 1.158168555510642184e-01 3.030403168292280722e-02 3.745252886673746534e-02 2.932950107328909095e-02 7.308756340688339626e-02 2.484146341536397351e-02
2.800000000000000000e+04 9.662739766346276071e-02 2.623027492837545077e-02 3.142714772257228922e-02 2.464142287713338986e-02 5.999717322763341298e-02 2.064014247705917363e-02 1.148420767291156996e-01 2.926199391820114709e-02 3.727847130699334793e-02 2.887989109585382616e-02 7.058555250987354202e-02 2.344931760073005328e-02
2.900000000000000000e+04 9.453315861960420730e-02 2.591581257651746906e-02 3.135403105278234542e-02 2.507993941457461670e-02 5.816275591535659262e-02 2.055462135943188218e-02 1.130349188157259710e-01 2.952110873360146159e-02 3.701033870974743817e-02 2.958769278801659866e-02 6.847424901861187685e-02 2.338726657419467475e-02
3.000000000000000000e+04 9.224867490798489833e-02 2.503144267522036670e-02 3.102688710046275916e-02 2.491127856526909740e-02 5.648659225713369841e-02 2.007253507435788342e-02 1.104373646151002586e-01 2.812076574562109160e-02 3.694842051242323150e-02 2.926005832952447913e-02 6.657236467297508731e-02 2.282816945804070144e-02
3.100000000000000000e+04 1.016796835269284521e-01 2.732794449557442509e-02 3.901691661232248309e-02 2.958426264625814775e-02 5.654981180055523859e-02 2.275077754567782565e-02 1.107298041268465760e-01 3.213662766920427627e-02 3.737683635196983878e-02 3.473726667713374766e-02 6.623144927121761560e-02 2.601575501225254772e-02
3.200000000000000000e+04 9.204474289024304479e-02 2.493358984709373449e-02 3.267673897532472754e-02 2.604622779972699115e-02 5.371513177397008870e-02 2.120030644242746481e-02 1.058146503314066622e-01 2.926613159713256640e-02 3.513277558616417773e-02 3.099542443482826773e-02 6.315950640686368578e-02 2.413227831289916497e-02
3.300000000000000000e+04 9.619967017640496110e-02 2.540562811457610162e-02 3.505386917898620919e-02 2.524147430089603017e-02 5.288562917080306264e-02 2.031724126405486802e-02 1.093891070361516088e-01 2.571762995185246717e-02 3.983907477717161388e-02 2.646898262488287662e-02 6.186394081455977995e-02 2.313208856915259515e-02
3.400000000000000000e+04 1.054495558120597115e-01 2.616720743641863869e-02 3.900210058028853732e-02 2.862189827653628324e-02 5.390817890048663075e-02 2.517640534442047717e-02 1.074108961209918750e-01 2.944165950440597729e-02 3.380371517070864668e-02 3.231594031238862325e-02 6.212553961679247866e-02 2.870810123377446482e-02
3.500000000000000000e+04 8.657721501029513878e-02 2.283631295642014891e-02 2.987974281744718366e-02 2.391565280783817735e-02 4.945127968171734306e-02 2.105797977009283770e-02 1.005708248293455814e-01 2.681651411518624212e-02 3.333589670300919627e-02 2.843645858937850907e-02 5.811442110418964246e-02 2.399770016796114874e-02
3.600000000000000000e+04 1.109338720144741053e-01 2.834902146743903395e-02 4.297958325488324821e-02 2.727771539128760400e-02 5.229391955348532128e-02 2.205688295163693927e-02 1.186625200821595505e-01 2.569321324392750266e-02 4.533738239987213786e-02 2.419316162015442209e-02 6.016120456962701507e-02 2.514652520208369990e-02
3.700000000000000000e+04 8.644106363908900248e-02 2.134040459571211537e-02 3.002806481952441028e-02 2.211757003637083302e-02 4.787542561010402903e-02 2.096150097242133886e-02 9.990041405692613730e-02 2.498889316481495843e-02 3.393106260517591427e-02 2.630983834526309795e-02 5.598322052541426092e-02 2.389354803098802521e-02
3.800000000000000000e+04 8.430259822602607922e-02 2.099710636364765168e-02 2.936036276373744577e-02 2.176352406425681452e-02 4.644829188623209038e-02 2.028371649314511527e-02 9.889979653695163408e-02 2.468318963075699993e-02 3.386273216715496304e-02 2.583587174171927958e-02 5.448547026427377066e-02 2.314364861109905608e-02
3.900000000000000000e+04 8.500071120103863676e-02 2.118822360635597493e-02 3.053019150838623408e-02 2.200363080247332709e-02 4.571245050588035319e-02 1.986640954579269383e-02 1.015800255001750307e-01 2.363171064923138415e-02 3.642454477098326648e-02 2.420224986365317535e-02 5.378217563608329171e-02 2.260763836376757097e-02
4.000000000000000000e+04 9.955437735762902307e-02 2.894605380066481159e-02 3.879571729273225550e-02 3.382163965471029349e-02 4.827328330482666408e-02 2.349270860443198813e-02 1.013719318534818115e-01 2.996445705194797360e-02 3.433737410053155220e-02 3.436293001179454437e-02 5.597984216411908132e-02 2.720866622091139969e-02
4.100000000000000000e+04 8.403898284623384507e-02 2.058029731993204006e-02 3.113799788784520420e-02 2.116844436288015455e-02 4.463419659423973479e-02 1.944001366035407255e-02 1.005861639822725334e-01 2.326815871178562756e-02 3.723108351787863396e-02 2.345218149022323256e-02 5.250834004478423939e-02 2.212154948467225449e-02
4.200000000000000000e+04 8.304512036728821378e-02 2.115351429408024453e-02 2.951578960593456008e-02 2.181079812910338006e-02 4.386242980230514732e-02 1.979321271662741813e-02 9.622235891054180257e-02 2.474301101636889114e-02 3.356144623121520842e-02 2.584791694422212960e-02 5.129905357168828423e-02 2.272440874958493381e-02
4.300000000000000000e+04 8.988931228286541064e-02 2.216165968864540828e-02 3.556321587976157828e-02 2.222101257244783745e-02 4.431888800510894871e-02 1.949180722544496813e-02 1.059427632602046171e-01 2.325251636344743272e-02 4.165886755732198243e-02 2.252827798774007309e-02 5.205125299003070249e-02 2.212267791556328175e-02
4.400000000000000000e+04 8.163947533953426483e-02 1.994398965327803808e-02 3.019944844877102408e-02 2.002717940273537195e-02 4.263859340004373666e-02 1.878451534324525676e-02 9.760979611174647186e-02 2.324672268430609881e-02 3.609965051034335487e-02 2.303764555326069663e-02 5.010188935101536623e-02 2.142928634682228842e-02
4.500000000000000000e+04 9.249365627640449006e-02 2.402126226229664083e-02 3.721909336497530169e-02 2.368431634535106758e-02 4.365514784823312788e-02 1.938410203630979226e-02 1.077350740432996834e-01 2.371995979468238466e-02 4.291883170694560379e-02 2.200428602129587269e-02 5.120654328703583280e-02 2.204634784401301659e-02
4.600000000000000000e+04 8.402255366168394357e-02 2.299363754998790324e-02 3.105998430018767908e-02 2.372368150678016291e-02 4.237751238544034543e-02 1.967692887216275499e-02 9.434592174994506364e-02 2.573518322093475141e-02 3.358795910967844744e-02 2.682045806128977375e-02 4.936222191521257713e-02 2.271723835207421771e-02
4.700000000000000000e+04 9.642771078091909309e-02 2.680443009512463101e-02 3.989047024358995802e-02 2.615348566885680043e-02 4.342861269909822214e-02 1.953235782215954897e-02 1.107613367956779560e-01 2.446092891368188346e-02 4.525250896984877452e-02 2.183625598824138342e-02 5.087719707478524644e-02 2.223317207131602150e-02
4.800000000000000000e+04 8.234353770181292165e-02 2.024489010400865735e-02 3.254218408160435699e-02 2.018753788775805996e-02 4.097246888587185998e-02 1.832940339678703484e-02 9.856181067579566912e-02 2.285072415285914482e-02 3.889191893413388584e-02 2.232922502038629797e-02 4.824833040582655191e-02 2.085458261249630713e-02
4.900000000000000000e+04 8.109958900630918899e-02 2.261532255009582326e-02 3.055663885695315482e-02 2.322382790581950865e-02 4.085074340160795014e-02 1.913250035005750749e-02 9.236848554331551775e-02 2.551173740125996237e-02 3.392458083452347395e-02 2.633476610200674931e-02 4.767419505758793696e-02 2.209326856992585575e-02
5.000000000000000000e+04 8.340374514683772389e-02 2.084913871547612249e-02 3.479633516315314840e-02 2.077037693294071785e-02 4.062640568598056834e-02 1.831260057195455149e-02 9.967003004106586572e-02 2.282218180215925957e-02 4.145725242852499326e-02 2.196195889049652045e-02 4.786669942223111679e-02 2.082316424097273300e-02
5.100000000000000000e+04 7.991276701601542076e-02 2.007047768240257171e-02 3.206118078442525554e-02 1.986936568374648646e-02 3.944262021320807388e-02 1.776279264696813479e-02 9.567878700561945060e-02 2.294885150448403022e-02 3.835223813715722685e-02 2.214685419946548980e-02 4.645176331616988896e-02 2.028198049197122918e-02
5.200000000000000000e+04 8.187033429193289746e-02 2.028576553492495924e-02 3.568537455762852556e-02 2.092462605612931473e-02 4.022982249379634251e-02 1.819753223892623881e-02 9.793400556625268816e-02 2.249398426515605148e-02 4.252710925832106637e-02 2.224113146678880978e-02 4.738824836058345286e-02 2.086613295956219263e-02
5.300000000000000000e+04 7.750064966839867453e-02 2.042153967635084236e-02 3.112732311674696467e-02 1.988430229188194523e-02 3.871134288381318511e-02 1.770090423641959565e-02 9.048317886548744304e-02 2.387316557606105130e-02 3.614005630441710637e-02 2.331484148749395427e-02 4.519872838417555994e-02 2.037878263907834386e-02
5.400000000000000000e+04 7.729572119469348135e-02 2.162185705148316275e-02 3.059797963766512988e-02 2.167071399627988962e-02 3.846623815550086894e-02 1.808685642449704353e-02 8.969034808711329188e-02 2.476106820850090123e-02 3.517846526946584451e-02 2.486878752047429544e-02 4.493183806450458395e-02 2.088258754188956207e-02
5.500000000000000000e+04 7.614915429551465109e-02 1.972086260176219089e-02 3.119091680496513530e-02 1.885029329440250645e-02 3.749944566064862539e-02 1.717806012298339624e-02 9.046620297550339584e-02 2.339337389244132426e-02 3.704502967184853529e-02 2.232037919728344089e-02 4.392070973632613423e-02 1.975627606786250698e-02
5.600000000000000000e+04 7.999266618494789427e-02 2.205775557905191933e-02 3.436527923460332840e-02 2.096498599382990574e-02 3.751213638339552514e-02 1.713456160711212053e-02 9.561057651098799071e-02 2.347596226669843023e-02 4.097634789449495357e-02 2.153487879204682431e-02 4.418046216250152286e-02 1.959578950042158152e-02
5.700000000000000000e+04 7.475336562238157900e-02 2.058012038991778245e-02 3.086906878257590983e-02 1.983072423643428631e-02 3.684215192785924436e-02 1.724245654900125393e-02 8.772334445806732883e-02 2.419131758368784496e-02 3.613582111671886921e-02 2.319334994611829681e-02 4.294850138196758954e-02 1.991351885142228842e-02
5.800000000000000000e+04 7.792891585840208690e-02 2.508451172688605513e-02 3.228551394793796603e-02 2.552612240165079427e-02 3.738499123087742765e-02 1.799448968647796021e-02 8.788749337874303402e-02 2.610691414251555681e-02 3.586687582119219703e-02 2.551498589578710813e-02 4.317880798681054261e-02 2.086881927733303874e-02
5.900000000000000000e+04 7.350048279131178586e-02 1.985458769933227952e-02 3.168862016635940609e-02 1.861664770562902055e-02 3.593439357259917144e-02 1.657481801500998095e-02 8.750968695442379319e-02 2.350348461155656044e-02 3.776299265792463361e-02 2.200992057711851496e-02 4.203498336114178113e-02 1.908926261049488649e-02
6.000000000000000000e+04 7.252810695826834853e-02 1.989032113480743852e-02 3.147671646773193832e-02 1.860197957352193246e-02 3.549157941931278121e-02 1.651869867900157898e-02 8.622207682185056843e-02 2.364703193731584191e-02 3.744295303806537134e-02 2.208875169149741163e-02 4.144945910268377914e-02 1.904830759217431002e-02
6.100000000000000000e+04 7.157177956156773879e-02 2.024760696596944812e-02 3.133199737869647034e-02 1.900463519737359899e-02 3.529639934953754388e-02 1.647643859033758040e-02 8.435744676759825145e-02 2.396415347798762363e-02 3.695542968056107075e-02 2.217522092177088081e-02 4.102415695986571381e-02 1.903809270822883620e-02
6.200000000000000000e+04 6.984962293030232139e-02 2.256099393334945469e-02 3.090208670872482757e-02 2.410841263077844257e-02 3.614590087927702783e-02 1.993395284832514755e-02 8.356372747414475555e-02 2.639423685493214045e-02 3.692086031206072427e-02 2.855177797757947264e-02 4.251512576194925452e-02 2.320406362366235486e-02
6.300000000000000000e+04 7.446540351665698054e-02 2.361433149181516380e-02 3.497487362635878783e-02 2.135431921936524827e-02 3.447342650541760506e-02 1.611437640712260616e-02 8.909836879250170039e-02 2.407297501632346681e-02 4.183345425011589236e-02 2.206428546349765984e-02 4.044068838556242468e-02 1.845316522574466309e-02
6.400000000000000000e+04 7.776853187802194867e-02 3.000854556409737056e-02 3.711992059476818678e-02 2.730882255231174144e-02 3.428458873998969231e-02 1.651963473180103475e-02 9.298151501113634254e-02 2.605154443242931050e-02 4.437219007376411867e-02 2.428868861224899034e-02 4.034869407334636116e-02 1.888214755760125874e-02
6.500000000000000000e+04 6.626724910061278229e-02 2.011572783434444067e-02 3.129915885532195963e-02 1.869593191242878080e-02 3.242443979338074239e-02 1.559910991045698747e-02 7.884167599371628976e-02 2.380600137187198484e-02 3.730770261899939849e-02 2.219315150968624237e-02 3.778431474819998054e-02 1.803236265796335364e-02
6.600000000000000000e+04 6.690354818912901125e-02 2.788414040599410115e-02 3.094834661319684557e-02 3.008601259927475707e-02 3.271965353540178673e-02 1.705705536025094865e-02 7.843220155353959611e-02 2.846226329456043314e-02 3.635363124625740766e-02 2.483431625651926974e-02 3.785903817080617934e-02 1.985811536147800982e-02
6.700000000000000000e+04 6.134489271747432110e-02 2.131219518311498057e-02 3.021783084139860812e-02 2.052195323227725895e-02 2.934350533150629006e-02 1.504374670961181742e-02 7.274987157402720839e-02 2.520871046681334021e-02 3.589560752377556757e-02 2.140736699735836662e-02 3.408109999748007435e-02 1.748441629985916790e-02
6.800000000000000000e+04 5.710891979009368596e-02 2.104025153824367819e-02 2.951930665416493960e-02 1.916583906558762956e-02 2.604748711742476894e-02 1.424200374599927064e-02 6.800252718304206079e-02 2.462368477741665521e-02 3.514174860715781751e-02 2.225923145636156050e-02 3.036669081051990640e-02 1.651220267765737826e-02
6.900000000000000000e+04 5.580914869146076651e-02 3.451466090460120206e-02 2.634337337941550922e-02 3.367515185978812303e-02 2.515600255870729593e-02 1.638452452713126672e-02 6.663503344109859838e-02 3.785623732076370124e-02 3.156116917367250696e-02 2.497913648670664274e-02 2.962806484209680805e-02 1.909380941892485292e-02
7.000000000000000000e+04 5.689602102840883580e-02 3.351137167758335561e-02 3.136026570099975652e-02 3.585374284991125343e-02 2.120628740664719583e-02 1.574204753689277189e-02 6.501591007550280854e-02 3.104674612754086335e-02 3.567380112355682947e-02 3.991938783437432720e-02 2.444252885930737335e-02 1.790870388903473276e-02
7.100000000000000000e+04 4.992875003672777451e-02 2.824440525291418980e-02 2.926545555251648320e-02 3.019274326586814106e-02 1.923402841711744152e-02 1.593656140549968084e-02 5.621882619315057145e-02 3.151760348086842661e-02 3.385048702195952303e-02 3.537585703535137821e-02 2.189843422025087097e-02 1.805768027804971823e-02
7.200000000000000000e+04 3.533660836152340001e-02 2.336098145410676896e-02 1.933346826870093599e-02 1.764674680231158657e-02 1.527998188013720074e-02 1.262208198727900535e-02 4.227829723749632757e-02 2.782482861959933995e-02 2.306882116581370976e-02 2.079840762778778843e-02 1.785060763070864254e-02 1.479983511625199144e-02
7.300000000000000000e+04 3.609680350330329163e-02 2.266099921369684952e-02 2.363800901621793127e-02 1.752045963865428782e-02 1.718408789999369482e-02 1.389283173665981780e-02 4.208312930398687424e-02 2.707237713561737660e-02 2.839344822797114365e-02 2.073158150486835785e-02 1.950637785288714121e-02 1.598977505724747186e-02
7.400000000000000000e+04 3.261598419680276223e-02 2.182193510585198754e-02 1.873496934525280613e-02 1.595122633461902584e-02 1.536875344003164889e-02 1.238754417643120158e-02 3.902870344057363106e-02 2.611922726680673823e-02 2.221610205552203288e-02 1.876170298920564264e-02 1.808150795683795276e-02 1.459948195705234111e-02
7.500000000000000000e+04 3.213481739798317721e-02 2.116829749673666480e-02 1.879072077250462658e-02 1.525061882366225176e-02 1.529751373465065845e-02 1.214367141829643219e-02 3.843977637259742702e-02 2.535067529029802827e-02 2.225559568501351768e-02 1.803316424674682172e-02 1.798192067538877462e-02 1.432762094097676624e-02
7.600000000000000000e+04 3.509612369513370744e-02 2.376699111220513874e-02 1.918360787485381969e-02 1.903657336871307504e-02 1.637281325083947067e-02 1.317362099938439689e-02 4.113934262239917622e-02 2.822030416833833100e-02 2.125455290914082113e-02 2.197579681415361488e-02 1.944982184230901329e-02 1.556097195416034779e-02
7.700000000000000000e+04 3.379913133233502370e-02 2.327715962558650833e-02 1.902492687159816273e-02 2.166425924294176908e-02 1.751903213432893722e-02 1.495560729452773477e-02 4.005588999478421064e-02 2.784419145408802143e-02 2.191338382089477385e-02 2.569131502346850768e-02 2.083299114836850360e-02 1.753500362799326889e-02
7.800000000000000000e+04 3.112792441056784487e-02 1.983535124096311164e-02 1.906087396161213268e-02 1.414851455716946947e-02 1.484521943977282731e-02 1.151691653657039259e-02 3.714695363646802057e-02 2.375091250998793285e-02 2.263483486228391392e-02 1.676211073731865772e-02 1.743155468729852206e-02 1.360462017583739802e-02
7.900000000000000000e+04 3.085057575117937725e-02 1.955074729852762302e-02 1.895664328259255571e-02 1.407609766563895984e-02 1.467703115471724953e-02 1.136392939511702421e-02 3.684081064010363837e-02 2.341000667700571941e-02 2.247354959017508133e-02 1.667634935275329536e-02 1.725967246912455885e-02 1.343754359993658623e-02
8.000000000000000000e+04 3.064935675978914739e-02 1.919829764869404251e-02 1.914321660413322371e-02 1.375432538349613543e-02 1.450636515910802213e-02 1.117195019345428551e-02 3.657182441079258328e-02 2.298373340249142138e-02 2.270258163462955323e-02 1.628679019401432088e-02 1.704794389568989668e-02 1.321166157706224996e-02
8.100000000000000000e+04 3.429197050532988011e-02 2.229928440621772173e-02 2.293927208685413860e-02 1.775424340849798832e-02 1.526600725101616429e-02 1.169499466036660017e-02 3.783135104398326065e-02 2.601450239250008983e-02 2.736215691137164341e-02 1.895010503698492388e-02 1.738701494313010798e-02 1.366647915327497305e-02
8.200000000000000000e+04 3.051483740629714128e-02 1.894346400210909429e-02 1.888514267583408374e-02 1.396868028301496978e-02 1.438987720761535603e-02 1.111219907515206308e-02 3.651673569248876233e-02 2.268402776488067166e-02 2.208851963758453468e-02 1.655245082330818879e-02 1.700058127457005144e-02 1.316163530606795883e-02
8.300000000000000000e+04 3.060106361562236685e-02 1.917707171499624316e-02 1.907802343695583214e-02 1.372171549793179714e-02 1.438893072670763967e-02 1.096217542722774385e-02 3.658251999629393708e-02 2.283862718236885289e-02 2.243902321987757340e-02 1.596299511742521257e-02 1.697783102958167964e-02 1.298368179943853486e-02
8.400000000000000000e+04 2.970066041341311996e-02 1.813117141449398922e-02 1.929323785897666191e-02 1.316368114113745241e-02 1.377642466813831963e-02 1.067289484900702488e-02 3.537009440496114571e-02 2.170637450835985471e-02 2.290697862676753863e-02 1.555892887348884340e-02 1.622091512909156277e-02 1.263662361657429990e-02
8.500000000000000000e+04 3.104358416565712250e-02 1.934066954057950607e-02 1.875004745308699386e-02 1.614770933375040546e-02 1.438670196638307773e-02 1.154432427642805223e-02 3.686508656820158825e-02 2.309871124295708247e-02 2.136719542878216457e-02 1.911328792532820953e-02 1.707753356021692384e-02 1.363160215313832455e-02
8.600000000000000000e+04 2.927990618754636523e-02 1.767902757588929452e-02 1.926550166173249951e-02 1.293015559315102182e-02 1.344866640881360945e-02 1.045883122057673746e-02 3.488724225680299440e-02 2.117949240579295594e-02 2.284346511049936343e-02 1.525230394508751523e-02 1.585997500709930216e-02 1.239087227822290027e-02
8.700000000000000000e+04 2.900370984466663082e-02 1.755330070644143398e-02 1.914703838077421935e-02 1.305271565874806944e-02 1.321431424410341414e-02 1.050324180638530572e-02 3.459823327835682277e-02 2.095372558074143007e-02 2.266070224971553429e-02 1.546437456860533417e-02 1.562437931270749952e-02 1.244289904101383154e-02
8.800000000000000000e+04 3.399471483235821934e-02 2.189144442923793635e-02 1.977567246271889553e-02 2.171601359138439213e-02 1.558209089422485025e-02 1.343273521787750197e-02 3.918167676922480053e-02 2.610796782921098388e-02 2.179431457769504671e-02 2.561360874069053273e-02 1.841257028447963393e-02 1.561978111584068525e-02
8.900000000000000000e+04 2.882455835275250788e-02 1.703087738503846621e-02 1.982015974626473442e-02 1.228405560068324999e-02 1.301120165869533093e-02 1.005404842422990760e-02 3.430625827161441765e-02 2.031934824993403624e-02 2.338717646907020192e-02 1.453533877978742048e-02 1.533123147342249463e-02 1.190926865968609458e-02
9.000000000000000000e+04 3.816667927693851575e-02 3.739559700492991329e-02 2.536787504393726161e-02 3.681216950028583235e-02 2.229433054272366224e-02 2.202941677087966871e-02 4.569890954419125739e-02 3.594178852468840613e-02 3.042119702568728962e-02 3.897175570719326604e-02 2.587725158870872802e-02 2.503787212351437155e-02
9.100000000000000000e+04 2.849680931442339152e-02 1.670108719651729884e-02 2.001703451303316408e-02 1.206774168103523504e-02 1.259124462486476033e-02 9.975506434797724170e-03 3.381566048500787153e-02 1.991228424270146194e-02 2.373057096852747294e-02 1.427202061478454256e-02 1.480376717267086785e-02 1.181879713126281900e-02
9.200000000000000000e+04 2.897955543982059373e-02 1.761002273068935572e-02 1.999542384054994043e-02 1.313905386765898062e-02 1.223134777995320277e-02 1.036296632464546452e-02 3.392509813708256133e-02 2.098104858651241023e-02 2.396021411038959034e-02 1.556842387743087933e-02 1.442454656320693238e-02 1.227877382978298688e-02
9.300000000000000000e+04 2.813794834739509476e-02 1.676621403996057108e-02 1.870560650079573436e-02 1.311566866393419628e-02 1.243308014879511078e-02 1.036488502863291798e-02 3.367148524467544757e-02 2.007776253111943215e-02 2.202290808009565656e-02 1.548588482726270636e-02 1.477233334746954653e-02 1.224765201839203219e-02
9.400000000000000000e+04 2.797771804183136340e-02 1.680218036841757412e-02 1.970323120486669466e-02 1.244902773584759259e-02 1.184342423894854841e-02 1.006476549885234814e-02 3.304838917520340480e-02 1.999784281164509667e-02 2.351164170072482518e-02 1.475428699074117674e-02 1.398687120779401605e-02 1.193530255237536947e-02
9.500000000000000000e+04 3.148545742302719108e-02 2.230989296249148712e-02 2.287589584161152378e-02 1.721505433704040994e-02 1.204308079247118010e-02 9.777466831119154683e-03 3.263647250569112757e-02 2.425800395228911929e-02 2.676693684721700994e-02 1.685183683134197988e-02 1.410683718020391310e-02 1.159854123063521099e-02
9.600000000000000000e+04 2.821786087116951933e-02 1.619623647252627086e-02 2.069798778473258202e-02 1.171683341827976961e-02 1.194640092184837306e-02 9.710207277879677815e-03 3.271576323070623377e-02 1.940304632942375582e-02 2.477613165966870146e-02 1.363022764543169417e-02 1.396806728924052284e-02 1.150546100323604840e-02
9.700000000000000000e+04 3.386421425773127741e-02 2.104082101827154869e-02 1.997552464826304192e-02 2.112021537436624061e-02 1.487515496345585136e-02 1.383169468884510971e-02 3.913307343944871092e-02 2.514641512325718059e-02 2.233998129299678143e-02 2.515279382776710801e-02 1.717456395674021169e-02 1.589767263353472279e-02
9.800000000000000000e+04 3.050546559796555451e-02 2.404400326207598027e-02 2.458719022961492959e-02 1.661016558725979253e-02 1.317725263868104249e-02 1.145195543155895154e-02 3.649197742328368771e-02 2.382298029542212134e-02 2.682954079272478060e-02 1.809644781778978889e-02 1.520781226683677080e-02 1.344210866965799001e-02
9.900000000000000000e+04 2.657085948188237304e-02 1.538989613550238028e-02 1.902220142096184771e-02 1.135362675841687478e-02 1.115473172066265041e-02 9.653114340775476379e-03 3.159973047115329642e-02 1.842313733382465457e-02 2.258156332726284424e-02 1.332957223736302294e-02 1.324836057568890002e-02 1.143466373008238980e-02
1.000000000000000000e+05 2.643218177061416874e-02 1.537390264573709579e-02 1.900302451758029837e-02 1.137026238766732956e-02 1.096958310561838706e-02 9.651037892721207184e-03 3.162114641785070124e-02 1.834864135645545083e-02 2.219083929254268492e-02 1.347241154339437995e-02 1.303049397287697579e-02 1.144033254501710881e-02
1.010000000000000000e+05 2.622200272808216173e-02 1.504307451909282257e-02 1.915583408454683487e-02 1.090347734145125438e-02 1.092692535838084116e-02 9.525165174984117841e-03 3.126239062241421840e-02 1.802071533195901895e-02 2.258500997025771062e-02 1.286410294796049882e-02 1.296390369148171101e-02 1.129519657798448533e-02
1.020000000000000000e+05 2.589982111085051622e-02 1.495021624815332482e-02 1.890323365859533991e-02 1.100897791658509567e-02 1.066800948952440799e-02 9.573564817937295704e-03 3.084427075400842863e-02 1.790887904218120205e-02 2.238368289085256382e-02 1.301064246520330751e-02 1.267791591698761225e-02 1.134608197417546170e-02
1.030000000000000000e+05 2.629217475332234003e-02 1.652921424039415291e-02 1.821394218858884972e-02 1.522286933679352708e-02 1.208935010586671167e-02 1.224862245921157049e-02 3.147107129321871644e-02 1.962979284374026176e-02 2.178242189958598182e-02 1.801478306181744302e-02 1.412295255519798592e-02 1.419145239385629503e-02
1.040000000000000000e+05 3.895305005268910603e-02 3.217061399493287288e-02 2.918981882806455375e-02 2.290840952368427066e-02 1.676324049084425283e-02 1.532313677280977039e-02 4.601907485780045576e-02 3.246509921859302289e-02 3.339752850856163302e-02 2.598747579102708011e-02 1.870717854654897760e-02 1.774889796099322556e-02
1.050000000000000000e+05 2.539276418855914569e-02 1.489078108400348523e-02 1.886426729005280870e-02 1.076637149886416726e-02 1.030890617375994703e-02 9.549835207561118908e-03 3.038585385148482448e-02 1.773573509536856968e-02 2.200775023810305070e-02 1.274798472424439229e-02 1.225789047739626880e-02 1.132963661685306052e-02
1.060000000000000000e+05 2.503265636139688846e-02 1.450585420167507973e-02 1.859891683343632002e-02 1.058949115684731934e-02 1.018697573240808646e-02 9.527851673669332500e-03 2.982410658776233833e-02 1.737634567417540091e-02 2.202433546733319203e-02 1.251723740198436990e-02 1.213736163649714594e-02 1.128600967624600673e-02
1.070000000000000000e+05 2.494459659347061931e-02 1.434520995705376549e-02 1.903687949607659954e-02 1.019139944211090894e-02 1.025332574613994040e-02 9.389919798376200263e-03 2.957086551792092316e-02 1.717564714597886316e-02 2.256896763563921715e-02 1.199427328647328407e-02 1.217129903307306686e-02 1.114181342800834446e-02
1.080000000000000000e+05 2.516534952708192330e-02 1.631821512077721165e-02 1.875868552107371953e-02 1.182690023337402453e-02 1.004834070905123201e-02 1.026472066542376271e-02 3.006793926886813448e-02 1.899301185927205690e-02 2.202910006593052430e-02 1.374221250902862325e-02 1.197957802823026476e-02 1.219013199224933119e-02
1.090000000000000000e+05 2.432976971066034763e-02 1.421886933059013890e-02 1.838175622629293141e-02 1.031357361593838312e-02 9.892727284257087084e-03 9.521245430953534372e-03 2.898730200581456709e-02 1.702546656277615159e-02 2.177161666626961645e-02 1.219424866824861745e-02 1.181367076943369045e-02 1.126997245722787672e-02
1.100000000000000000e+05 2.554761672354493793e-02 1.508131902858565049e-02 1.970373227006348010e-02 1.084645373879137252e-02 1.012472517737298371e-02 9.409460496986014541e-03 2.899383748576727163e-02 1.790691870987725157e-02 2.366413145157199305e-02 1.259443221495975401e-02 1.195521984538236090e-02 1.117904471405285240e-02
1.110000000000000000e+05 2.439534423330903465e-02 1.475849169767421386e-02 1.863652695429760670e-02 1.068575194999584095e-02 9.771303044427753423e-03 9.603801994238646625e-03 2.916533769348138294e-02 1.748883225657693261e-02 2.105183230122339294e-02 1.256502433817554935e-02 1.167805466661681578e-02 1.138405495110361189e-02
1.120000000000000000e+05 2.489579422535171532e-02 1.558337132609337317e-02 1.781668011935308785e-02 1.201203689202180389e-02 1.036992446112934563e-02 1.041696038214495051e-02 2.978852401665504218e-02 1.793971303114178656e-02 2.134516890498030367e-02 1.392490402896551759e-02 1.233113740393291038e-02 1.215164199983072464e-02
1.130000000000000000e+05 2.357165263754289544e-02 1.380776107873203651e-02 1.826623332745793207e-02 9.846754942300597890e-03 9.657540491213357364e-03 9.429382763834984887e-03 2.803902470488793541e-02 1.652617265494043391e-02 2.164906472568968107e-02 1.164476506685740466e-02 1.154038278696609306e-02 1.116822412828005068e-02
1.140000000000000000e+05 2.327525034673345872e-02 1.378179435960398026e-02 1.800542887121807725e-02 9.918806867674366881e-03 9.546822231447310916e-03 9.509463702596818516e-03 2.773086844529192366e-02 1.648716896514073119e-02 2.135349034819403538e-02 1.173877804498523782e-02 1.143929890676077289e-02 1.124036167830411680e-02
1.150000000000000000e+05 2.431855728944271738e-02 1.476672588119059756e-02 2.033879284610578750e-02 1.017478306530853957e-02 1.061057600327672962e-02 9.728834680923094391e-03 2.887733434441803332e-02 1.740076228905286168e-02 2.336252458172431712e-02 1.201396055384662022e-02 1.223082156749880772e-02 1.156762486168282610e-02
1.160000000000000000e+05 2.296663878096932496e-02 1.361586517110846550e-02 1.775183444133040384e-02 9.889475882481808117e-03 9.471939668692778633e-03 9.538400081794972535e-03 2.740292763221391717e-02 1.626244697573770229e-02 2.108258976413056318e-02 1.170414952270263514e-02 1.137001512365401305e-02 1.125870614354898026e-02
1.170000000000000000e+05 2.277890914725484370e-02 1.350503868155583133e-02 1.793576136919639713e-02 9.615328508602105986e-03 9.440187456290190585e-03 9.439593414952450467e-03 2.714791835819717336e-02 1.617021731131509238e-02 2.121838463205330538e-02 1.139184144603883932e-02 1.131418479481619173e-02 1.117024024983547838e-02
1.180000000000000000e+05 2.304252648639246170e-02 1.335163474877321121e-02 1.859873610444101946e-02 9.223387460892851220e-03 9.992734156382684224e-03 9.402691123452489030e-03 2.753214780077881119e-02 1.597627661525763410e-02 2.157344599728930334e-02 1.090455233710503971e-02 1.187040769341431157e-02 1.116379979418551105e-02
1.190000000000000000e+05 2.255396759937874918e-02 1.361778500068552659e-02 1.721764139147757833e-02 1.017390659225936821e-02 9.459402001293370360e-03 9.808670610288582059e-03 2.699634097753378023e-02 1.621312066311393976e-02 2.047209941904004279e-02 1.205394012836931775e-02 1.136624574081509902e-02 1.151997639369899996e-02
1.200000000000000000e+05 2.221949255141270410e-02 1.328153638955994857e-02 1.758010915556612597e-02 9.540483876196709581e-03 9.335951812847737355e-03 9.467092496470680407e-03 2.648410731182136366e-02 1.588734049019412814e-02 2.086793551637538408e-02 1.130609053113883558e-02 1.122872521173928252e-02 1.117948020108142787e-02
1.210000000000000000e+05 2.264467057356066640e-02 1.438254604748657843e-02 1.795660114747057653e-02 1.049178871125505327e-02 9.524781911541786023e-03 9.665813455765786752e-03 2.625886546856765966e-02 1.628474464860337617e-02 2.149880678045319390e-02 1.202564566367762475e-02 1.145334136941148287e-02 1.130066100403570063e-02
1.220000000000000000e+05 2.200436174099880057e-02 1.309025150186165533e-02 1.755159851838816037e-02 9.340974287346218152e-03 9.336681067047753954e-03 9.426113297690516188e-03 2.629166203547928307e-02 1.567864634662377576e-02 2.069201573086446380e-02 1.107024079679107785e-02 1.122788797034931542e-02 1.114831856136468992e-02
1.230000000000000000e+05 2.178027285539180236e-02 1.368902443521007040e-02 1.704781675044130668e-02 1.080911122230276793e-02 9.544757792150748710e-03 1.029148616416763508e-02 2.569555373618693725e-02 1.612229397075907317e-02 2.041908768394800483e-02 1.279320174633698931e-02 1.141303333208702059e-02 1.208004890919250028e-02
1.240000000000000000e+05 2.229269889011976577e-02 1.346403262088829121e-02 1.785136569876843993e-02 9.668187544492052102e-03 9.405750798675581448e-03 9.316301485871140986e-03 2.576752687730238592e-02 1.588774151233220133e-02 2.144708515390758574e-02 1.135037241264607276e-02 1.131029815555095047e-02 1.102102701289521883e-02
1.250000000000000000e+05 2.150062912132881185e-02 1.286043047458233259e-02 1.728573109935789900e-02 9.238375512442073209e-03 9.277263069314794358e-03 9.407716311965691122e-03 2.564048241956334503e-02 1.537526936047261227e-02 2.051949955542556672e-02 1.095144936658668661e-02 1.119872125007558526e-02 1.109604062227172519e-02
1.260000000000000000e+05 2.119699351524536104e-02 1.302316412534647652e-02 1.678952586130629324e-02 9.921802559860280063e-03 9.304944519062094410e-03 9.867584802321032952e-03 2.528152544820738354e-02 1.548426315260401608e-02 2.015182638513266650e-02 1.176934196604554825e-02 1.120017829905336527e-02 1.153989227041398759e-02
1.270000000000000000e+05 2.134806180731350228e-02 1.268276418141410164e-02 1.708990113107188361e-02 9.236536704605514611e-03 9.261808294886158741e-03 9.434506648388974945e-03 2.556145598448751610e-02 1.518376202268066459e-02 2.015641503649627519e-02 1.094970512766627740e-02 1.119985592131375780e-02 1.112623408292191286e-02
1.280000000000000000e+05 2.938626477128995079e-02 2.544987968411883614e-02 2.580115628513614257e-02 2.828026321975155022e-02 2.233323655066360783e-02 2.077469746507251691e-02 3.522216398222508676e-02 2.551439307193045444e-02 2.715091173368773189e-02 3.282683382879598988e-02 2.029093546784077953e-02 2.263479347730736752e-02
1.290000000000000000e+05 2.363609105531940674e-02 1.509158396297426326e-02 1.931536639935898733e-02 1.053464901350456041e-02 1.112228304971540557e-02 1.005855698533655342e-02 2.802750523302995067e-02 1.761990389788176126e-02 2.258382060048966938e-02 1.239407373341112548e-02 1.286293674825055543e-02 1.197746482967772946e-02
1.300000000000000000e+05 2.087142075791082949e-02 1.244644184082374476e-02 1.686671375525417710e-02 9.114854124343990324e-03 9.226336220327372578e-03 9.410794118862022758e-03 2.489991636863581742e-02 1.486045101465073744e-02 2.010689774763110838e-02 1.081005668038443820e-02 1.119721047089696983e-02 1.106954860349282019e-02
1.310000000000000000e+05 2.071556560985313156e-02 1.249211601323900120e-02 1.669778737571049956e-02 9.563301909714862215e-03 9.182020329432846392e-03 9.619732472926391387e-03 2.470344319946917583e-02 1.490577481484467968e-02 2.005054381657188703e-02 1.135026151623681930e-02 1.112608099711243775e-02 1.130228058866055221e-02
1.320000000000000000e+05 2.134166030943093761e-02 1.276517251389769000e-02 1.651380163940600193e-02 9.681234242845684901e-03 9.595506561176430152e-03 9.670767798482868619e-03 2.559395960657297880e-02 1.512664705334663094e-02 1.962781254497223890e-02 1.148230545087462057e-02 1.165853540009924132e-02 1.135136662622630681e-02
1.330000000000000000e+05 2.053843073007620770e-02 1.264696541574073137e-02 1.646633587669021209e-02 9.491136171385292086e-03 9.191423164826777875e-03 9.671419474641222702e-03 2.462330389306716799e-02 1.514255999010766934e-02 1.956266700094377517e-02 1.114937066475388087e-02 1.118797541895333141e-02 1.140051204886847330e-02
1.340000000000000000e+05 3.167425916039531136e-02 2.823675736895452440e-02 2.533787836588555914e-02 2.715421974312470788e-02 2.056958552810289262e-02 1.947346120062559693e-02 3.798458129323777077e-02 2.739582202559608451e-02 2.656020021929401259e-02 3.027273200260592947e-02 1.929192700888125375e-02 2.125473659879141206e-02
1.350000000000000000e+05 2.037789500385026389e-02 1.201244632822407420e-02 1.655581164958113902e-02 8.918842606550677482e-03 9.249268534253774626e-03 9.358419849718288552e-03 2.436951172673786775e-02 1.433546916450080012e-02 1.972431435555262527e-02 1.058176146088892974e-02 1.128983503376701676e-02 1.098858622562786519e-02
1.360000000000000000e+05 2.214805610036823039e-02 1.376719258626790329e-02 1.738563201051181520e-02 1.034309423034155892e-02 9.734993887831763781e-03 1.011250590693721883e-02 2.579044328799729932e-02 1.649857398441435807e-02 2.083382437329136389e-02 1.218754552272282438e-02 1.188618564888431484e-02 1.197798884851394158e-02
1.370000000000000000e+05 2.218814762941569846e-02 1.508403414283074860e-02 2.002158322426616718e-02 1.232995082324076473e-02 9.997565665871498489e-03 1.051216681565633054e-02 2.408635023316071239e-02 1.706031870288523059e-02 2.169050126752248078e-02 1.454732162047150078e-02 1.199355175103244096e-02 1.228330909785774888e-02
1.380000000000000000e+05 2.086764397187492251e-02 1.292807256176112599e-02 1.717233634230067724e-02 1.025430148554920019e-02 9.694798775181940470e-03 1.005561552056660930e-02 2.435200541624490955e-02 1.541065831712595292e-02 2.024729401694127032e-02 1.218457036662749446e-02 1.176967908085602317e-02 1.181673717353155448e-02
1.390000000000000000e+05 2.009114151931648551e-02 1.161992194286908149e-02 1.676072238968583442e-02 8.577030111250574101e-03 9.307749591248682536e-03 9.113169444539352335e-03 2.408195906065315611e-02 1.392852021850616781e-02 1.965180114003908796e-02 1.014973126235090353e-02 1.135996440137960160e-02 1.075242575641305494e-02
1.400000000000000000e+05 1.992096255683899544e-02 1.152899465646478258e-02 1.632235578952619809e-02 8.705141753534397647e-03 9.241367684595018159e-03 9.250609584392444074e-03 2.384923069928756786e-02 1.377087837471338214e-02 1.945540457548284793e-02 1.033290552182176449e-02 1.135837028046184083e-02 1.086008664786821017e-02
1.410000000000000000e+05 2.233402022185819805e-02 1.601782867782925585e-02 1.872183479085397576e-02 1.404970154459507341e-02 1.254091563319614279e-02 1.171453747806773527e-02 2.664114239900122402e-02 1.688021282658053526e-02 2.088725870478369204e-02 1.611916348000972526e-02 1.318004650443918221e-02 1.321415277220550945e-02
1.420000000000000000e+05 1.972253894434837854e-02 1.141453185447038193e-02 1.619996780167652639e-02 8.829664003900705369e-03 9.181444945682374834e-03 9.260316757977808330e-03 2.360088792256297488e-02 1.358671001334696947e-02 1.942305082037649663e-02 1.048893957798451015e-02 1.131506129910257730e-02 1.085893851692922366e-02
1.430000000000000000e+05 1.967890348894683894e-02 1.122261295364105314e-02 1.636867446892482578e-02 8.457112897384287675e-03 9.244479572892738348e-03 9.059657662924824884e-03 2.352845680685332341e-02 1.342770363992021668e-02 1.953550844203501280e-02 1.004192148647734331e-02 1.141036844097537833e-02 1.067728643164760766e-02
1.440000000000000000e+05 1.952517836250034985e-02 1.115667202221041696e-02 1.625695654643839402e-02 8.501355582069228256e-03 9.223118023153068640e-03 9.071459871707846997e-03 2.337815551498364716e-02 1.336988899063009002e-02 1.936807870119510583e-02 1.008068589453244186e-02 1.141108905021216355e-02 1.067436800615407556e-02
1.450000000000000000e+05 2.062588488290635277e-02 1.443143713424696085e-02 1.926601090021689069e-02 1.301188083946364440e-02 1.198507497073702209e-02 1.124285219274460956e-02 2.427406504231803541e-02 1.541834223745230242e-02 2.077271716924826428e-02 1.504565530204474491e-02 1.280043884879374268e-02 1.272483602583188850e-02
1.460000000000000000e+05 2.077324117868858955e-02 1.313202015172285769e-02 1.631272961439917887e-02 1.114948038927026340e-02 1.048566115806257547e-02 1.011809755393618115e-02 2.488218099656236762e-02 1.475164448756098937e-02 1.932059755365207049e-02 1.306772957459408427e-02 1.257392708551274135e-02 1.175039968609995281e-02
1.470000000000000000e+05 2.869201611720731057e-02 2.064062322430406868e-02 3.657587183675121978e-02 1.893111399559233021e-02 2.838009550666521080e-02 1.507867071449610179e-02 3.436193637757876257e-02 2.167145067334841704e-02 3.266691582570326741e-02 2.214063942283433714e-02 2.498861274849349320e-02 1.776065942898764558e-02
1.480000000000000000e+05 1.917584590631529404e-02 1.077246593503707398e-02 1.591370227409543217e-02 8.477699192330653138e-03 9.212319143797898999e-03 9.023303471458915190e-03 2.301095387776654413e-02 1.289451222670432405e-02 1.905194507225711764e-02 1.007296705772365263e-02 1.150485958827798978e-02 1.058749852637769044e-02
1.490000000000000000e+05 2.163910810212953464e-02 1.615133966389617134e-02 2.242316549403210874e-02 1.719429772319659364e-02 1.695508309715136955e-02 1.402754503784190560e-02 2.594962682869577167e-02 1.718064901615657877e-02 2.218826096826487237e-02 2.006286324033424232e-02 1.543180436879533490e-02 1.567108148648405086e-02
1.500000000000000000e+05 1.909531448367117121e-02 1.087337161504890390e-02 1.575466827055374899e-02 8.730998216825772845e-03 9.400042598614070585e-03 9.035665985709456782e-03 2.281491603383835332e-02 1.287551860581195168e-02 1.897343303294700412e-02 1.038103448311102420e-02 1.174994077397069521e-02 1.058593956465153814e-02
1.510000000000000000e+05 1.912269745597559162e-02 1.159724804013045375e-02 1.581143080274241552e-02 1.015390937539184697e-02 9.711042048727063641e-03 9.997011477162660170e-03 2.270898062513974219e-02 1.375333298830985589e-02 1.875375681884866585e-02 1.209649516335613122e-02 1.203281202676035992e-02 1.166861642312099281e-02
1.520000000000000000e+05 1.893008482683121788e-02 1.039621926523501792e-02 1.600967374462749018e-02 8.183683465351379582e-03 9.251513941860654844e-03 8.723289173699060733e-03 2.266329767951797206e-02 1.247838006889464418e-02 1.913431147729137763e-02 9.710377942902482726e-03 1.167342554218399331e-02 1.027445620126018859e-02
1.530000000000000000e+05 1.885482019559942338e-02 1.021744736666833041e-02 1.593225633413558259e-02 8.064760288637165195e-03 9.279340509785244037e-03 8.660279422659858395e-03 2.264209187621549213e-02 1.226412426443835788e-02 1.902137814705090815e-02 9.583530200105262048e-03 1.176106204049192673e-02 1.021837846334510552e-02
1.540000000000000000e+05 2.152837846438203015e-02 1.083798383749866485e-02 1.871764123355721191e-02 7.930117279560586901e-03 1.242021663725657518e-02 9.639343066008521435e-03 2.572363306406769828e-02 1.299719354681067029e-02 2.079696771378555797e-02 9.242216702891986949e-03 1.507756837323222243e-02 1.147007468306320520e-02
1.550000000000000000e+05 1.902761358216225815e-02 1.013491988959042828e-02 1.599597760207935662e-02 7.970761717850745678e-03 9.445953219719300034e-03 8.633147011492097941e-03 2.293022777147629351e-02 1.216026086331636544e-02 1.886315899744639424e-02 9.494469662096084728e-03 1.204729935170488486e-02 1.021294728552834576e-02
1.560000000000000000e+05 1.843312294662135392e-02 1.035958963321084378e-02 1.564922125004078457e-02 8.933138364704945253e-03 9.641934778852136873e-03 9.160760152170049561e-03 2.214163985930125284e-02 1.227226845519224958e-02 1.876414916251387122e-02 1.064926133928221878e-02 1.200466557535637309e-02 1.068633604546233642e-02
1.570000000000000000e+05 2.440654474479734409e-02 1.498431383297005835e-02 1.668545932239017329e-02 1.550996483075147564e-02 1.258868910040874568e-02 1.155287318490282392e-02 2.887862158893090767e-02 1.701750800279355422e-02 2.010807287447253372e-02 1.843827978606445150e-02 1.430263433840000924e-02 1.367806608020453313e-02
1.580000000000000000e+05 1.874929566006671225e-02 9.851471377884614758e-03 1.594056502811608267e-02 7.745803385983311175e-03 9.642914373077578205e-03 8.139852887032793943e-03 2.236097741408608203e-02 1.184522862992961820e-02 1.904893161949972047e-02 9.232739011929535708e-03 1.235397239701311982e-02 9.671543671844862189e-03
1.590000000000000000e+05 1.849538606101610097e-02 9.961771703686755908e-03 1.559207318069160374e-02 8.051234756093100450e-03 9.247976439250290420e-03 8.417000798928306327e-03 2.235222399085490252e-02 1.198779712207044025e-02 1.860855081862214377e-02 9.518263250357355404e-03 1.211152679481196370e-02 1.003089573688448373e-02
1.600000000000000000e+05 2.006276534554105387e-02 1.041779586894331887e-02 2.129643855537345296e-02 8.305997583279564264e-03 1.340459143763818133e-02 8.929472649280156479e-03 2.423655627998006976e-02 1.225299463310296558e-02 2.178935989663934730e-02 9.829485256793682457e-03 1.530911287871772331e-02 1.072892630058061743e-02
1.610000000000000000e+05 1.855470005598192085e-02 1.034100395147405892e-02 1.537665771759477371e-02 8.995228642957018433e-03 9.655235906018877837e-03 9.026348971184797523e-03 2.232985090449159452e-02 1.246074915352565066e-02 1.847647218228865365e-02 1.072954787380220494e-02 1.269412280423853207e-02 1.071903946885591902e-02
1.620000000000000000e+05 2.084825276641502634e-02 1.282462027989585834e-02 1.945735837230093759e-02 9.896242692469810198e-03 1.163117905760449773e-02 8.164123660874112939e-03 2.523092847863070420e-02 1.418850403344024819e-02 2.023069201826152574e-02 1.046302636727620278e-02 1.370820175673554374e-02 9.873798677410984548e-03
1.630000000000000000e+05 1.950053135700475712e-02 1.032600470127344530e-02 1.646874232460556614e-02 8.290990022924295960e-03 1.040498266672910087e-02 7.941269708855679815e-03 2.351275825656053489e-02 1.239415816642998325e-02 1.947386590915584775e-02 9.821231891233066225e-03 1.351950612342204053e-02 9.618012304227371162e-03
1.640000000000000000e+05 1.808329619673753122e-02 9.148819691943876203e-03 1.565436992198866728e-02 7.497577890357098873e-03 9.369438397643793659e-03 7.926388454864216962e-03 2.188790495631733751e-02 1.108486595530319002e-02 1.889503172953748908e-02 9.008646325388239284e-03 1.290104189850523053e-02 9.568737261888537668e-03
1.650000000000000000e+05 1.887137769553682773e-02 9.766353476135409065e-03 1.950227409061702430e-02 7.834144851643552038e-03 1.216823008802259479e-02 7.882676475544596675e-03 2.302161918408013666e-02 1.161073162998020256e-02 2.013396168919841939e-02 9.201389733674809196e-03 1.447695454480947726e-02 9.653593043899179674e-03
1.660000000000000000e+05 1.938217807528228032e-02 1.083326124298260654e-02 1.568301462640515551e-02 8.306395224147986034e-03 1.021734749193117277e-02 8.131151953123581452e-03 2.286768181862876281e-02 1.232422453070511001e-02 1.908785640355521035e-02 9.689581535004048937e-03 1.450370862330912884e-02 9.998301762902960660e-03
1.670000000000000000e+05 1.781260519979048496e-02 8.861599883647135883e-03 1.524646753429362463e-02 7.552984759394922379e-03 9.225250444010705750e-03 7.807604994279167786e-03 2.179649158286273494e-02 1.084666031194463434e-02 1.872210582959735192e-02 9.160021523904814458e-03 1.363880582724279027e-02 9.672694394484499664e-03
1.680000000000000000e+05 1.820088523656833088e-02 9.393519608933481244e-03 1.534549744574270971e-02 7.821280470322463166e-03 9.381202114064545947e-03 7.673814104110652547e-03 2.189662479896707648e-02 1.139526612889212899e-02 1.890765584045687314e-02 9.523377517413156995e-03 1.431393135454608542e-02 9.730326344029338950e-03
1.690000000000000000e+05 1.767024670800394423e-02 9.235649668602496573e-03 1.477795168923619340e-02 8.081296556832437764e-03 9.376339563764201149e-03 8.108354378865246376e-03 2.207051538172332197e-02 1.146836338095991170e-02 1.842247763521922405e-02 9.905464288207897761e-03 1.482877019849503618e-02 1.051047781497061601e-02
1.700000000000000000e+05 1.882173531326232149e-02 1.173492790133623745e-02 1.735666531308323324e-02 1.157625185844360881e-02 1.211169438575539041e-02 9.574597783786508581e-03 2.358186253232105734e-02 1.358263059320690552e-02 1.950311028242023015e-02 1.399001072844757200e-02 1.690103970571056602e-02 1.265556492123168057e-02
1.710000000000000000e+05 1.727970145411382788e-02 8.654695230361643399e-03 1.488337212297926107e-02 7.479463406614413577e-03 8.970822980257545098e-03 7.638152764357389497e-03 2.235586252911089811e-02 1.136210760314066565e-02 1.907521004064065273e-02 9.417889483245395557e-03 1.678831990927535239e-02 1.118044977163789276e-02
1.720000000000000000e+05 1.727138468544456643e-02 8.568657685327846912e-03 1.500526309555889372e-02 7.510803147010079381e-03 8.898709802293472415e-03 7.505848208208453810e-03 2.309027832340107556e-02 1.177773074747763549e-02 1.991223880890072642e-02 9.797607300336949598e-03 1.910209045380712248e-02 1.245489876035604966e-02
1.730000000000000000e+05 1.723510239133487984e-02 8.497604569399495184e-03 1.500793529677534217e-02 7.336213553116049772e-03 8.838763978669785318e-03 7.314650028739331025e-03 2.457768300316061014e-02 1.286322255328841389e-02 2.100349006566477536e-02 1.005705604603014669e-02 2.296090889558071585e-02 1.480290923762725072e-02
1.740000000000000000e+05 1.673674805350327047e-02 8.971385520564903807e-03 1.515050807390004584e-02 8.359682651957722407e-03 9.032809415773699474e-03 7.724682686630578859e-03 2.685069317088702168e-02 1.509638829796169750e-02 2.233187140962648171e-02 1.185018549398646204e-02 2.858958415643340911e-02 1.911278231603132788e-02
1.750000000000000000e+05 1.598841706336478694e-02 8.894101603243160029e-03 1.505610626584979149e-02 8.374802583873580328e-03 9.110594087771057420e-03 8.160773950967281989e-03 3.032155668781707711e-02 1.765286106313913167e-02 2.460509602985012229e-02 1.245318852372512969e-02 3.579987983905142529e-02 2.400793089372009817e-02
1.760000000000000000e+05 2.209199409465896838e-02 1.652616588780635512e-02 1.584156076226492932e-02 1.073868047677197651e-02 1.155282363584612601e-02 1.067289799817340568e-02 4.438256387578340401e-02 2.749079055637137017e-02 2.929557930303585550e-02 1.537025326849890579e-02 4.800565382829620475e-02 3.092646767421044357e-02
1.770000000000000000e+05 1.455432188536790079e-02 7.937740715049332665e-03 1.460928573718921208e-02 6.907255866842871954e-03 7.170413621838213347e-03 6.796789034949166954e-03 4.585599449723948978e-02 2.215330101959664053e-02 3.224069157749624714e-02 1.119103297052854475e-02 5.278013428521555889e-02 2.915705360528637879e-02
1.780000000000000000e+05 1.290078862187720408e-02 7.682343335129735926e-03 1.458979499842610363e-02 6.353479664042899211e-03 6.700933118503523897e-03 6.833091333217219780e-03 5.976811044648232957e-02 2.550102469916104217e-02 3.764286823611886351e-02 1.086089934891682797e-02 6.493305466970010487e-02 3.228979149074092531e-02
1.790000000000000000e+05 1.152506271734159149e-02 7.401400496355364615e-03 1.394434344058992012e-02 5.959249812262945069e-03 5.983749598610613347e-03 6.867717325370554897e-03 7.767923446772130591e-02 3.143389974633506445e-02 4.445230407409976603e-02 1.138658052260081016e-02 8.342982363249693001e-02 3.917069088317633868e-02
1.800000000000000000e+05 1.307866763666966185e-02 9.537404857619233636e-03 2.246399106337269511e-02 7.767732604839201575e-03 1.274540346836728309e-02 7.626806398486490196e-03 1.003938463020401933e-01 4.218752850257031367e-02 5.453189520217081865e-02 1.424458542260179442e-02 1.112257409831456517e-01 5.002626452117382716e-02
1.810000000000000000e+05 1.062998139904569421e-02 6.962455361274245969e-03 1.360630640328724592e-02 5.537278261211262334e-03 5.653500565821284463e-03 6.889570727934741373e-03 1.219963852313188102e-01 5.161151842646147236e-02 5.896868554016087421e-02 1.314552621849377628e-02 1.416915218573330804e-01 6.194592179429030121e-02
1.820000000000000000e+05 9.480928294155491209e-03 5.916340729064681857e-03 1.203969850757422716e-02 4.762393741394476375e-03 4.888458172236615634e-03 6.997683553912570527e-03 1.475041977981533248e-01 6.384905920086367259e-02 6.574489776354347503e-02 1.336223095498471555e-02 1.792064153379620273e-01 7.545057119984098504e-02
1.830000000000000000e+05 1.017992731445065135e-02 5.958835222760321473e-03 1.204536948690020960e-02 4.628706122241531794e-03 5.599489610316037320e-03 6.927650025402529513e-03 1.738333388302781557e-01 7.709128727560664307e-02 7.230332827839422438e-02 1.381036664802663336e-02 2.164305486567587589e-01 8.738308388179465147e-02
1.840000000000000000e+05 8.585049918711959785e-03 5.196705112478906645e-03 1.061230212000857133e-02 4.330775810371699681e-03 4.425839931319557052e-03 7.069603532080311059e-03 2.056461592839123054e-01 9.318682982243373103e-02 7.858675965904646232e-02 1.409775301159103128e-02 2.631747933018719343e-01 1.023930525148823295e-01
1.850000000000000000e+05 8.071953399444340219e-03 4.967233827250991385e-03 9.935295938446227215e-03 4.383137305643757323e-03 4.327143444769425591e-03 7.272596394641504466e-03 2.390576899886470430e-01 1.107368159404597263e-01 8.507931417305435173e-02 1.479205604469288789e-02 3.120259359572001845e-01 1.172067418300424130e-01
1.860000000000000000e+05 7.858611994800706810e-03 4.978568650704608307e-03 9.591503715010846892e-03 4.489471748094979280e-03 4.433712730983214306e-03 7.349213548300332494e-03 2.734151900544759539e-01 1.292467812996332677e-01 9.145661654843544042e-02 1.565046397160770042e-02 3.624660859865925788e-01 1.318351489916414210e-01
1.870000000000000000e+05 8.575179313666206338e-03 5.210110145955755730e-03 1.216748609443982741e-02 4.089452579998963284e-03 6.515099897147127311e-03 7.100619430346614969e-03 3.008107844088580007e-01 1.445405920517705001e-01 9.659914647506517849e-02 1.589690474120640171e-02 4.021644391325253087e-01 1.426168371260269629e-01
1.880000000000000000e+05 7.246100646549144195e-03 4.243224262942308853e-03 8.900923796451118419e-03 3.606619888098207098e-03 4.110339392777567595e-03 7.077949760048208444e-03 3.386226748973675260e-01 1.648914548341267050e-01 1.025423135768485511e-01 1.655227696289328018e-02 4.593510695805078092e-01 1.583041330792710200e-01
1.890000000000000000e+05 7.080874375448498702e-03 4.238239014392221338e-03 8.844938747006217405e-03 4.050155060721278427e-03 4.169260862768734213e-03 7.275114876931635874e-03 3.751862765966205715e-01 1.849429020249391542e-01 1.091421153428069890e-01 1.817218770329347838e-02 5.137462909013833512e-01 1.728452445710910723e-01
1.900000000000000000e+05 6.959844920552416166e-03 3.956212184477852882e-03 8.451568218388924580e-03 3.490756360141236952e-03 3.985431987569606170e-03 6.983517125922959409e-03 4.000356625294139712e-01 1.984495592527666386e-01 1.125764313211683326e-01 1.855601444827249466e-02 5.505488862197839284e-01 1.815945243101795004e-01
1.910000000000000000e+05 6.574012077178293008e-03 3.856484077539572720e-03 7.996526706913056198e-03 3.512035367307852693e-03 3.927969318555238516e-03 7.027598344654173608e-03 4.322843076613934188e-01 2.157112858448676507e-01 1.177867234026725995e-01 1.978757238693716961e-02 5.988054412548647898e-01 1.933315314920747152e-01
1.920000000000000000e+05 6.709650532603985383e-03 4.046586906920715196e-03 7.862467521120691458e-03 3.691744122939929346e-03 3.950402944644573928e-03 7.067174847819220063e-03 4.580336288350232987e-01 2.294167227713675428e-01 1.215728499521855493e-01 2.107556739989190422e-02 6.365331029889834680e-01 2.019334766130935210e-01
1.930000000000000000e+05 1.188860895168818155e-02 1.038411215831200503e-02 2.453398403880397913e-02 8.857306317423364189e-03 1.959890447203866889e-02 9.124833632303852235e-03 4.620104751569563684e-01 2.336611585322687368e-01 1.254351390213235551e-01 2.676309808162946960e-02 6.388358885582455793e-01 2.019275536768138646e-01
1.940000000000000000e+05 6.096690244325066350e-03 3.597221534045529859e-03 7.387532749612589489e-03 3.180880826760872949e-03 3.781473257356905791e-03 6.969016144088915031e-03 5.068366888251649716e-01 2.542499593206075659e-01 1.288324735514264074e-01 2.271236815903063255e-02 7.091438830518781433e-01 2.176428059217561939e-01
1.950000000000000000e+05 5.934001191027623787e-03 3.719009379640524863e-03 7.449422561615373813e-03 3.728134294704305365e-03 4.421539659156705285e-03 7.206650031335709410e-03 5.365681319493055268e-01 2.695423426089453289e-01 1.338147827054763095e-01 2.455883307787103467e-02 7.535690624143953631e-01 2.275095357553929554e-01
1.960000000000000000e+05 1.139019587159511952e-02 1.178032786301600604e-02 2.147467813057986341e-02 1.499302119676707186e-02 2.201858104836719107e-02 1.221823964502001363e-02 5.960222997248760812e-01 3.032363705142299137e-01 1.487272532789431223e-01 3.864923663994494774e-02 8.390471779983684764e-01 2.508118652924226644e-01
1.970000000000000000e+05 5.989917054495003980e-03 4.170571722051967349e-03 7.758037632884836297e-03 4.463691883791378288e-03 5.246061427307008133e-03 7.473884012799260866e-03 5.834811745743974098e-01 2.926470609692624070e-01 1.407982287044772518e-01 2.755235757450049186e-02 8.224822650387750844e-01 2.414441129247776874e-01
1.980000000000000000e+05 5.702753992929591488e-03 3.768855122066284806e-03 7.404020537267105677e-03 3.839314568111781931e-03 4.263457454744372377e-03 7.086721676655270696e-03 6.036884982872163796e-01 3.025431795588361950e-01 1.436914332383374959e-01 2.775720679471241695e-02 8.529408928999044903e-01 2.471322376187691239e-01
1.990000000000000000e+05 5.447431912851265906e-03 3.389710991068238099e-03 6.546075468173461094e-03 3.234054557434367858e-03 3.731384289592908163e-03 6.922825791370418487e-03 6.171690663598963233e-01 3.081159500191923417e-01 1.448590293917638994e-01 2.788134348204981613e-02 8.722383887028212213e-01 2.499221390948627719e-01
2.000000000000000000e+05 5.644767769680979728e-03 3.307599395915859601e-03 6.734899360201782384e-03 2.798255847911165686e-03 3.803854862950554507e-03 6.724249243708770030e-03 6.243209310488220254e-01 3.108096294619385191e-01 1.451162594038065690e-01 2.784454982455628058e-02 8.823975220480173576e-01 2.505687955195243233e-01
2.010000000000000000e+05 1.596713473786654999e-02 1.445756759671443757e-02 9.730263556287617813e-03 8.367029128567749982e-03 9.243679177813560188e-03 1.111101366912960534e-02 6.216342116918806004e-01 3.124236342493099672e-01 1.438634557553837012e-01 3.384554918340312857e-02 8.648379129156915646e-01 2.484677035660891042e-01
2.020000000000000000e+05 5.370361008503182244e-03 3.226327770137775788e-03 6.281626951791703835e-03 2.910425901735774496e-03 3.554893774829980500e-03 6.740671527217933535e-03 6.648172050603663452e-01 3.298111664400795728e-01 1.509547626121425790e-01 2.976696974463496209e-02 9.425817794004182071e-01 2.619522240179384398e-01
2.030000000000000000e+05 8.609040757420836215e-03 5.649748692919780158e-03 7.129984918632095540e-03 4.476871179970999363e-03 4.473770267573551167e-03 8.102932822162053905e-03 6.950489610459833489e-01 3.450665214785504364e-01 1.564248815178392316e-01 3.238463686775553546e-02 9.823904377787164854e-01 2.711545079734760111e-01
2.040000000000000000e+05 2.299596942243672948e-02 2.300510308264388029e-02 3.021538122807440607e-02 2.782493370326291279e-02 3.364352945146624474e-02 1.818670558729298947e-02 7.998282913172536368e-01 4.038032869887899778e-01 1.838949564899472477e-01 6.014667128376664784e-02 1.126859696337681571e+00 3.106933058630584887e-01
2.050000000000000000e+05 5.033715887273469344e-03 3.136938341034462528e-03 5.881765058523420221e-03 2.910972601013640717e-03 3.371108826353301589e-03 6.654328575891039869e-03 7.156521307185357283e-01 3.521971553290313972e-01 1.580076398409323568e-01 3.199646813387833910e-02 1.017752650222969235e+00 2.747299288208528423e-01
2.060000000000000000e+05 4.901546602145330674e-03 3.005518858211765534e-03 5.887776881246283359e-03 2.834748978755513484e-03 3.304865405709183843e-03 6.596229003982274040e-03 7.300317741055599718e-01 3.582993315793122080e-01 1.600048573758556802e-01 3.252934436804887780e-02 1.039284866191466872e+00 2.782223263008380409e-01
2.070000000000000000e+05 6.124144092888754616e-03 5.639701001211881726e-03 6.152144056834526684e-03 3.755147172569570091e-03 4.292141837678972380e-03 6.667842396094224473e-03 7.484827034967618253e-01 3.686729827290425865e-01 1.627431457106810753e-01 3.421955289951911228e-02 1.066541695901789044e+00 2.830847403083197045e-01
2.080000000000000000e+05 4.762810632217229223e-03 2.923098969174234632e-03 5.738472402083466886e-03 2.611761570395508807e-03 3.211370455340955762e-03 6.440800279443008661e-03 7.536017769258992471e-01 3.675952585002012496e-01 1.627676339125265770e-01 3.323919487910365761e-02 1.074144495293748669e+00 2.830526170037367950e-01
2.090000000000000000e+05 1.350506956355515716e-02 1.063224440434951817e-02 8.003423004861181730e-03 6.702533936546508850e-03 6.674766929521797586e-03 9.879591542998495193e-03 7.548549342754992120e-01 3.698770602591412437e-01 1.626974974725533818e-01 3.757053133778374271e-02 1.064108119990005763e+00 2.825364725892016149e-01
2.100000000000000000e+05 1.148751238462770476e-02 8.978903158373534657e-03 7.826315360710484406e-03 6.700517184539406777e-03 7.658516108253337479e-03 8.919112042770160551e-03 7.349979261521862872e-01 3.578978500910021676e-01 1.578219149564825952e-01 3.674377811607683342e-02 1.038739560465870904e+00 2.743050350244335966e-01
2.110000000000000000e+05 4.514377200440386484e-03 2.853707135526095586e-03 5.586652896858220613e-03 2.473616799747533051e-03 3.106283412405072813e-03 6.341013374000718794e-03 7.934683882145765477e-01 3.836691246222938001e-01 1.680966229609893170e-01 3.458927810713523926e-02 1.133385418184223781e+00 2.920439319381802901e-01
2.120000000000000000e+05 4.448293651152694997e-03 2.823590043011736921e-03 5.472849712291395254e-03 2.456848799665390520e-03 3.061032725259012124e-03 6.300666991496714497e-03 8.067317816036846390e-01 3.889248582360465001e-01 1.698824163382988695e-01 3.503800857872568786e-02 1.153098100707842466e+00 2.950469874779116930e-01
2.130000000000000000e+05 4.496108261429523391e-03 3.149068963760283911e-03 5.496461987323612852e-03 3.201372087153294636e-03 3.617903856507871142e-03 6.607874337419174758e-03 8.301601657485002672e-01 3.995072656130326805e-01 1.735775101466743575e-01 3.673337380791014822e-02 1.188272684384325650e+00 3.018500257378900486e-01
2.140000000000000000e+05 4.936831479661125087e-03 3.340021149412623208e-03 6.654704569394842041e-03 2.604112603553933401e-03 4.046876811118794992e-03 6.282347753374367856e-03 8.180593804750501130e-01 3.920311445253104043e-01 1.710096542210364223e-01 3.536262611478228901e-02 1.169214373629225756e+00 2.959890518986677543e-01
2.150000000000000000e+05 4.532979576577075495e-03 2.987345895424414494e-03 5.356401431063508890e-03 2.824788205756224076e-03 3.139548147430539383e-03 6.404527678730420094e-03 8.508751878385686362e-01 4.076892132924052614e-01 1.763117187527225571e-01 3.685153427310513402e-02 1.219694659865645070e+00 3.065752794640054790e-01
2.160000000000000000e+05 4.668227518611752121e-03 3.181103157640816428e-03 5.209619871281512618e-03 2.742945023589880155e-03 3.430134829610449829e-03 6.383245682900816689e-03 8.540518177730147542e-01 4.083707912028633480e-01 1.759634778769586239e-01 3.681997216777844334e-02 1.224933048903956712e+00 3.068593871950546781e-01
2.170000000000000000e+05 8.535442933711757940e-03 5.323236194948261814e-03 9.328689677541768602e-03 2.912417139189413945e-03 9.990650104008300461e-03 9.072793658876221815e-03 8.311582866734184005e-01 3.953116170431038023e-01 1.722441184539605097e-01 3.543233416289030824e-02 1.187532544317694061e+00 2.990628856649307221e-01
2.180000000000000000e+05 1.143535755092580687e-02 1.265525097451332404e-02 2.064850457664814398e-02 1.569817625963773958e-02 2.380454493283916395e-02 1.138365718589058259e-02 9.453985770266422062e-01 4.549749370474438503e-01 1.961904782193934771e-01 5.363862644076508590e-02 1.358409859308268519e+00 3.372322975271287993e-01
2.190000000000000000e+05 4.070239195016618107e-03 2.666527447383295907e-03 4.980594515616286293e-03 2.314570738826858369e-03 2.848434637978876274e-03 6.110851538603244947e-03 8.806624832161383809e-01 4.170234580059367646e-01 1.790539953228091063e-01 3.694588626830714456e-02 1.265174411086605888e+00 3.118827624891595818e-01
2.200000000000000000e+05 4.295455249298071009e-03 2.829801120868591889e-03 4.966455281553283120e-03 2.342793893251508917e-03 2.999917417961849107e-03 6.157095966228167370e-03 8.864271144478411690e-01 4.190100757923022612e-01 1.794329969919969403e-01 3.703487855436161935e-02 1.273872563806793812e+00 3.131710846851752383e-01
2.210000000000000000e+05 4.036276463618757200e-03 2.660149390347525244e-03 4.856696938364425849e-03 2.430995398532041166e-03 2.835219504494346406e-03 6.064561637352258207e-03 9.058940358938795123e-01 4.278965144831252676e-01 1.825662614931531369e-01 3.773465721243500492e-02 1.304328078401248758e+00 3.192004869257697441e-01
2.220000000000000000e+05 3.887189475181098992e-03 2.611242877509479306e-03 4.758978024095138724e-03 2.323191219866280188e-03 2.753462661550830099e-03 6.032325733638999217e-03 9.144109399125369686e-01 4.303550704793963066e-01 1.835367031345915834e-01 3.771453604507618573e-02 1.316929810127721590e+00 3.207099584306820628e-01
2.230000000000000000e+05 4.242032441268018400e-03 2.809590715771478377e-03 5.657092425965096379e-03 2.161612353618783816e-03 3.622829672993808404e-03 5.987172029842655931e-03 9.038891503701311780e-01 4.247028439780430875e-01 1.811531159144446623e-01 3.695087939976259006e-02 1.301685790787066033e+00 3.170959638226752975e-01
2.240000000000000000e+05 3.815624109921358573e-03 2.583087606612501520e-03 4.620829046257962647e-03 2.371252320941680258e-03 2.749226201425781883e-03 6.009619209792837514e-03 9.347837242731616980e-01 4.385186288541136901e-01 1.861405151003563407e-01 3.816725803994377997e-02 1.348690994660876274e+00 3.264008505054847298e-01
2.250000000000000000e+05 3.818887036616817193e-03 2.568530300055446493e-03 4.715888760636798016e-03 2.329807434662279839e-03 2.710168442115676313e-03 5.868322576019521612e-03 9.430112678432557294e-01 4.417808827486847112e-01 1.872709507269089690e-01 3.823690226484454530e-02 1.361769141183570397e+00 3.286744670114350453e-01
2.260000000000000000e+05 3.743277657637958996e-03 2.537343545220179398e-03 4.656638329669544538e-03 2.138259020580417138e-03 2.659112199610375038e-03 5.859807158521059857e-03 9.467757251007060670e-01 4.420977591008924956e-01 1.873178141366802496e-01 3.791397579524814071e-02 1.367454165088831219e+00 3.289881403684820627e-01
2.270000000000000000e+05 3.698690619931179445e-03 2.538303680963832631e-03 4.505110767766538384e-03 2.458423910948032663e-03 2.748031153623533770e-03 5.855470531319195010e-03 9.634895372559213467e-01 4.505094713278195440e-01 1.898058924028451222e-01 3.880626867602369329e-02 1.394305772206889671e+00 3.351456066493473385e-01
2.280000000000000000e+05 3.637034998022511349e-03 2.504315411047054480e-03 4.501061306931283118e-03 2.137975189275337449e-03 2.592996512443804594e-03 5.801796193398228545e-03 9.643274914066630732e-01 4.488212756486976707e-01 1.894578003870724947e-01 3.816823504035522785e-02 1.395053337100654822e+00 3.339704334319240631e-01
2.290000000000000000e+05 3.685848011691402002e-03 2.505657394284819314e-03 4.529851990280307078e-03 2.126974746754533435e-03 2.613948864179110702e-03 5.741483527737679428e-03 9.681997707311224000e-01 4.499932540306664230e-01 1.896658363868982955e-01 3.806498942904392585e-02 1.401366619456771545e+00 3.350732787067321472e-01
2.300000000000000000e+05 3.673447281058383421e-03 2.527926435476164895e-03 4.432714169461104796e-03 2.193588624840108695e-03 2.615126753275787402e-03 5.746964774672690818e-03 9.811727190027551559e-01 4.557120294677475258e-01 1.915438580563043891e-01 3.842610899769203364e-02 1.421900277542988533e+00 3.393613595389390336e-01
2.310000000000000000e+05 3.572081172318606387e-03 2.500195588510548215e-03 4.389334168959209415e-03 2.157282666827876286e-03 2.530828492190450446e-03 5.731262813380054270e-03 9.876458931718243850e-01 4.578829300311222927e-01 1.922029884743798878e-01 3.838548648752423270e-02 1.432134412105812382e+00 3.411158706840846100e-01
2.320000000000000000e+05 3.503417977282472819e-03 2.635810176109815682e-03 4.565668281137208288e-03 2.624695899089344881e-03 2.861104119465779447e-03 5.809926686508863625e-03 1.012191465206270680e+00 4.691361412001984199e-01 1.963545425309567716e-01 3.965967897399535341e-02 1.470430235711529088e+00 3.491837886491573895e-01
2.330000000000000000e+05 3.543296327300311018e-03 2.435739050445303450e-03 4.337338232230770682e-03 2.103846340388944389e-03 2.533591059143219804e-03 5.621326797370573489e-03 1.000255326705209002e+00 4.624101360172783726e-01 1.935850299262072416e-01 3.834791097338726557e-02 1.452481691508902495e+00 3.450008181645848326e-01
2.340000000000000000e+05 6.259591188229376643e-03 5.637870024779276408e-03 1.169362428765406345e-02 4.070400937772829936e-03 1.218749529555439651e-02 7.223638936942777811e-03 9.594283350153165468e-01 4.421637476437071945e-01 1.880031721235976561e-01 3.846849609808061787e-02 1.388892655162240919e+00 3.311244368264240623e-01
2.350000000000000000e+05 3.964806782505841780e-03 2.916639708923299355e-03 5.303901166007287532e-03 2.336618117756878409e-03 3.162209251300321291e-03 5.572421667033373993e-03 9.952627962138071993e-01 4.595422453022136033e-01 1.921065118432846996e-01 3.783891830683460550e-02 1.446097337576285558e+00 3.440534780166226159e-01
2.360000000000000000e+05 3.318344584252756833e-03 2.428763735567955519e-03 4.128347433653877657e-03 2.138699428191448860e-03 2.502358822805537779e-03 5.612964957111184379e-03 1.032871118196551308e+00 4.756327254986378317e-01 1.981495855453233590e-01 3.887502668736460970e-02 1.504000272759148826e+00 3.555139345633812065e-01
2.370000000000000000e+05 3.384739121509498967e-03 2.377188385836764145e-03 4.205737525190387030e-03 1.975952377350669812e-03 2.377920168693562972e-03 5.506154124729705814e-03 1.029639502064257028e+00 4.738388599022220204e-01 1.971416084475295372e-01 3.835842589271860892e-02 1.500112273109107219e+00 3.549872545331937967e-01
2.380000000000000000e+05 3.619454071121229379e-03 2.781966447031893139e-03 4.504498196362851335e-03 2.238081540204837298e-03 2.490704843317161164e-03 5.472074685674504536e-03 1.037622982623638501e+00 4.781407935391498443e-01 1.980539126618309775e-01 3.881683641576566535e-02 1.513039576410283749e+00 3.589298252378727572e-01
2.390000000000000000e+05 3.304128095538530138e-03 2.328604525949493770e-03 4.126261816453126452e-03 1.951060583491648782e-03 2.387686932537485141e-03 5.432970390907312236e-03 1.038204647215124510e+00 4.773461537784043918e-01 1.977517492207364336e-01 3.821448466577023750e-02 1.515361542175236886e+00 3.589938763350178363e-01
2.400000000000000000e+05 3.199158690191410224e-03 2.338792482555766741e-03 4.043174250662090984e-03 1.888262600814124073e-03 2.291553799634266347e-03 5.398211292329945822e-03 1.050369970999996294e+00 4.818339033284683159e-01 1.995771447411468780e-01 3.828745360304632028e-02 1.534336630959908243e+00 3.626423379807085512e-01
2.410000000000000000e+05 3.201720213427817867e-03 2.302557396090630561e-03 4.030684490469401728e-03 1.879947112529834277e-03 2.269867228241526005e-03 5.383343446261079808e-03 1.050200940310652920e+00 4.823450508546819337e-01 1.990274643468211146e-01 3.818597213311470534e-02 1.535863896227511960e+00 3.641463909276257960e-01
2.420000000000000000e+05 3.499046948016139129e-03 2.447894740148579083e-03 4.460264616799262949e-03 1.664665557214187620e-03 2.745257567256926406e-03 5.344806380231621919e-03 1.029153459398513881e+00 4.719924644539655323e-01 1.948303382281380836e-01 3.694271668287700539e-02 1.504202319274885458e+00 3.579565602102713351e-01
2.430000000000000000e+05 5.469450161458990108e-03 4.472876135604831813e-03 4.457834173132556831e-03 3.824728321609693199e-03 3.559560215405396452e-03 6.321298206608115533e-03 1.055489281683036795e+00 4.854419560213567575e-01 1.990481685324161643e-01 4.004452183671868698e-02 1.543318246367293867e+00 3.682000443077667051e-01
2.440000000000000000e+05 3.322928760029149158e-03 2.725891757083331174e-03 4.063640703684034960e-03 2.315215002800835326e-03 2.470105489903617890e-03 5.408153040259162936e-03 1.075902712665644634e+00 4.956334826811651939e-01 2.024061806978462164e-01 3.898570878524318384e-02 1.579473133231215964e+00 3.769686277511872241e-01
2.450000000000000000e+05 3.091394106683317908e-03 2.412443429543719830e-03 3.946804655642211467e-03 2.247459422240952100e-03 2.542396400662178934e-03 5.374801137115671479e-03 1.087276900796613210e+00 5.000312146549152903e-01 2.041006804892006032e-01 3.903938889417365998e-02 1.598815686760864052e+00 3.809836105720005861e-01
2.460000000000000000e+05 1.578745104657377704e-02 1.570387438704747701e-02 1.684522054961741511e-02 1.205180573265720624e-02 2.777782421019957954e-02 1.202828645394678556e-02 9.318819868176417831e-01 4.284612007799063482e-01 1.814840905547555339e-01 4.421054756094822819e-02 1.351570028138148638e+00 3.285781704646386636e-01
2.470000000000000000e+05 1.753651880150540812e-02 2.004283858618259237e-02 2.685413489029900985e-02 1.613674730546816108e-02 2.467625668880584280e-02 1.096413445161846176e-02 9.875400185109397544e-01 4.556503360825850391e-01 1.931256992469491951e-01 4.800841422355467403e-02 1.429379869701042249e+00 3.473992638559178503e-01
2.480000000000000000e+05 2.996931513682230853e-03 2.289870048171670919e-03 3.736679710129349984e-03 1.850417171745326328e-03 2.159190887171391540e-03 5.165606531669524049e-03 1.076890630762532552e+00 4.945879474073083260e-01 2.007131628652118749e-01 3.759816851160095036e-02 1.586517586431199112e+00 3.811150751625527744e-01
2.490000000000000000e+05 9.368824115169167160e-03 8.866063522730633500e-03 1.198422463578543637e-02 5.377243382306823652e-03 1.096973320141353403e-02 1.180919390999014829e-02 1.111547850493486367e+00 5.166047711040581136e-01 2.074077060497988567e-01 4.246903168415926827e-02 1.636959253724081131e+00 4.009353618676641529e-01
2.500000000000000000e+05 2.887000631450936054e-03 2.229790992621477359e-03 3.759135234551008644e-03 1.647245237313912968e-03 2.040058076447550956e-03 5.040519300010123764e-03 1.079006399336843725e+00 4.955936691560153817e-01 2.003451063772407892e-01 3.701386228826443470e-02 1.592357328637821423e+00 3.846551318218350834e-01
2.510000000000000000e+05 1.100649055186059613e-02 1.178759202791671186e-02 1.695288339519558651e-02 9.347037877010081625e-03 1.538802744434232365e-02 8.165630005974361741e-03 1.012542146580414526e+00 4.656774224002992457e-01 1.926434742099826236e-01 4.168405660293334619e-02 1.480287601465575698e+00 3.618817686585100724e-01
2.520000000000000000e+05 3.166160430361526692e-03 2.678331648245972467e-03 3.728838222126980382e-03 1.949756932961216934e-03 2.587483076829694747e-03 5.250033669075477617e-03 1.086189720292752847e+00 5.018110484820642592e-01 2.004953760402980734e-01 3.750489002769721164e-02 1.607088657633203521e+00 3.932658162232641752e-01
2.530000000000000000e+05 2.871746988335240579e-03 2.193112364885671690e-03 3.668627684597516522e-03 1.656765327610947199e-03 2.005139845253667806e-03 4.943692306301965961e-03 1.080512562752896644e+00 4.980673181285325546e-01 1.992929545649083090e-01 3.664533482874675341e-02 1.599594697469489679e+00 3.914770749153115847e-01
2.540000000000000000e+05 9.111705631540012451e-03 9.982923644350905415e-03 1.304209989835933281e-02 1.184621887483491322e-02 1.672628831476614605e-02 8.921946036586659093e-03 1.170450042903780963e+00 5.467174296117393029e-01 2.178997657592176007e-01 5.044676086161321849e-02 1.738476273178633846e+00 4.279815578215096505e-01
2.550000000000000000e+05 2.851415776339477886e-03 2.198090370992215013e-03 3.664806807806436379e-03 1.545591751607802060e-03 2.028049286848280456e-03 4.855413866102937896e-03 1.075243495744117039e+00 4.967826391241334516e-01 1.974910246203882003e-01 3.605034359526946425e-02 1.594598778387463112e+00 3.941549605472451923e-01
2.560000000000000000e+05 2.719067123038670323e-03 2.151055513251808483e-03 3.564849759441263491e-03 1.548967802797363361e-03 1.902971879694523435e-03 4.838538467220327398e-03 1.080311827546781345e+00 5.000928193947600242e-01 1.979808094288050269e-01 3.606838503967364773e-02 1.604708462078751063e+00 3.985904474360861816e-01
2.570000000000000000e+05 8.464224871926431457e-03 6.777512832506496325e-03 5.213459404184471631e-03 4.291083497421009987e-03 3.705333278529838840e-03 7.237800612326406556e-03 1.093974196513018082e+00 5.102802205285720261e-01 2.006004783724514018e-01 3.932851981539972619e-02 1.620328525284205901e+00 4.074434189878347601e-01
2.580000000000000000e+05 2.647277082830890114e-03 2.118377151516824108e-03 3.471437413619476303e-03 1.481334712391948983e-03 1.850176899561521227e-03 4.754849192564374397e-03 1.081874271355621309e+00 5.022971640594378062e-01 1.974852603402731388e-01 3.573932736718080094e-02 1.610868257630804434e+00 4.042621911345444241e-01
2.590000000000000000e+05 2.571829506152303966e-03 2.088559111338583567e-03 3.343532810675117067e-03 1.552026421807334907e-03 1.830323934738782706e-03 4.753793890293098005e-03 1.083172491062584397e+00 5.042318607183633450e-01 1.972122882561052337e-01 3.578820431730816987e-02 1.615154323225628241e+00 4.080026961499620963e-01
2.600000000000000000e+05 1.358133638408542607e-02 1.546704928612883077e-02 1.724324291548592208e-02 1.730075904140953094e-02 2.047452369103051201e-02 1.047056050987472953e-02 1.186130205253134173e+00 5.630642877405211966e-01 2.196397978794464023e-01 5.508582230807478747e-02 1.770204092788305816e+00 4.526637447409509463e-01
2.610000000000000000e+05 2.523920558870326996e-03 2.057103886609085858e-03 3.321308209708335579e-03 1.466405591942920947e-03 1.777292775284736344e-03 4.670467754093562962e-03 1.073419423867550737e+00 5.020112227179045483e-01 1.945634087726428596e-01 3.518654656098744310e-02 1.603818314019152425e+00 4.110789744670690915e-01
2.620000000000000000e+05 2.514717865991367238e-03 2.055623173048669490e-03 3.308208781849552530e-03 1.470990373066450490e-03 1.738338806284946874e-03 4.621727259267035745e-03 1.070674849071119539e+00 5.020148677507677570e-01 1.936109127328154988e-01 3.500732129554730981e-02 1.601278367989108276e+00 4.135044374289449931e-01
2.630000000000000000e+05 2.940031428500102656e-03 2.298848026398436425e-03 3.664340719885664840e-03 1.449768108817895600e-03 2.225661022513478800e-03 4.590171754927914981e-03 1.027700940400979368e+00 4.831715529246015106e-01 1.852013872649114767e-01 3.366841163995221153e-02 1.533731110202534831e+00 4.018016615921585766e-01
2.640000000000000000e+05 2.400256855697223933e-03 2.019006376169219311e-03 3.191650056851297844e-03 1.438545549275427500e-03 1.678587414427994574e-03 4.542002126640133988e-03 1.065876421873203306e+00 5.023421274248405233e-01 1.918250165885324876e-01 3.465012971347045112e-02 1.597747835399462746e+00 4.188851092516451824e-01
2.650000000000000000e+05 2.415402081743545180e-03 2.132148854451228898e-03 3.085191273481282474e-03 1.737686626711323467e-03 1.817239064166321569e-03 4.527613440851326575e-03 1.059239661848449421e+00 5.018703892330966809e-01 1.898782967269736222e-01 3.487556523269060016e-02 1.589186801796165671e+00 4.215850779219511013e-01
2.660000000000000000e+05 2.430831834638615217e-03 2.200687745959228198e-03 3.226322154002514517e-03 1.886676002839656353e-03 2.278124374691311259e-03 4.753844363455682343e-03 1.069445657961462626e+00 5.094987401846392538e-01 1.913063298618744301e-01 3.538980483430618357e-02 1.608199195818625693e+00 4.308286969674198774e-01
2.670000000000000000e+05 2.507309567909629579e-03 2.117218204537913654e-03 3.374512936039616127e-03 1.313005509696224581e-03 1.896402305500775876e-03 4.410301321915484872e-03 1.019424260406649463e+00 4.848813963637406688e-01 1.817808743673852978e-01 3.302638469699585577e-02 1.528539815637662391e+00 4.136187957320569542e-01
2.680000000000000000e+05 5.091432300830498435e-03 5.551089815943259509e-03 6.224494467656453180e-03 6.027445642790830310e-03 6.936697753785484900e-03 6.170307419423788978e-03 1.096999950077873764e+00 5.283819712108627220e-01 1.962430599217791227e-01 4.053908267978297009e-02 1.654889617848927186e+00 4.511970971287823096e-01
2.690000000000000000e+05 2.318748467357571296e-03 1.981891553404077286e-03 3.050294934263545702e-03 1.359826339558621849e-03 1.563643124617395590e-03 4.349370161057748707e-03 1.017458432760981912e+00 4.879012505884214312e-01 1.803521236964053531e-01 3.304629038315724104e-02 1.529746522046957047e+00 4.223197974440112135e-01
2.700000000000000000e+05 1.744413263417750326e-02 1.656785931512453486e-02 1.177064668973423593e-02 1.237171967323435519e-02 6.875023866110388342e-03 1.101446204727770523e-02 9.857534532216891687e-01 4.815023343129350986e-01 1.762094212986153874e-01 4.429869850802550107e-02 1.461574212062242362e+00 4.133671584369066343e-01
2.710000000000000000e+05 3.477806868188537074e-03 2.926330922877485360e-03 3.392557756051675297e-03 1.769457656761998406e-03 1.951002376963060017e-03 4.661941704061153303e-03 9.936198622389684765e-01 4.803914940795868116e-01 1.749125554927667969e-01 3.286801329356230095e-02 1.492776060460895726e+00 4.223723238860220275e-01
2.720000000000000000e+05 5.208765693229442349e-03 4.625651702197707688e-03 3.489031502902105886e-03 4.405216008650661777e-03 3.124645437142915295e-03 5.536729199840172838e-03 1.013025907849717244e+00 4.938008488713379607e-01 1.779480827627701045e-01 3.663220304867008392e-02 1.524798100284968205e+00 4.365503663505980736e-01
2.730000000000000000e+05 2.204696615535761597e-03 2.104848642097954976e-03 2.780258750719536744e-03 1.611926444651101383e-03 1.641041115840199613e-03 4.284725128874794162e-03 9.915384140761244192e-01 4.844061325060710632e-01 1.731833310970480322e-01 3.292230737638306842e-02 1.495414254807359677e+00 4.332243510570400469e-01
2.740000000000000000e+05 5.627986159577900993e-03 4.499293446161538833e-03 3.962873737163944039e-03 3.528674091679664601e-03 3.227017531680820457e-03 5.791335783110695967e-03 9.225834139319841753e-01 4.502146971405145415e-01 1.601651921343789642e-01 3.321143389555203385e-02 1.378047673904318815e+00 4.069744733494495281e-01
2.750000000000000000e+05 1.948477484800799657e-03 1.852863740842713948e-03 2.726322781341965294e-03 1.223543441271682285e-03 1.349274342267587018e-03 4.064418942781204865e-03 9.547298979792557816e-01 4.689322659950327932e-01 1.654309746315857088e-01 3.151309817357647591e-02 1.437829477980834492e+00 4.277617818345891276e-01
2.760000000000000000e+05 1.962837623016141977e-03 1.913146331139614978e-03 2.624881178987479701e-03 1.390107535209938669e-03 1.425589262509955723e-03 4.062465457719740929e-03 9.408591452407716327e-01 4.647699646374506832e-01 1.620378521349429557e-01 3.159906224220796617e-02 1.415871247209095740e+00 4.283312806537881712e-01
2.770000000000000000e+05 1.884016140002645404e-03 1.846256246284997933e-03 2.668218002280986142e-03 1.227004090641384444e-03 1.292311543031088826e-03 3.983826900034389239e-03 9.120629174576702081e-01 4.519331368980321062e-01 1.561067271993173411e-01 3.085874134048335882e-02 1.368634546797810492e+00 4.215099083079537068e-01
2.780000000000000000e+05 1.764697481457599233e-03 1.804406304875405239e-03 2.544488175729342667e-03 1.303455752118542598e-03 1.340868052088156973e-03 3.935270774613017220e-03 9.086895925440097166e-01 4.525932992214628525e-01 1.546710613466174555e-01 3.116666165866602278e-02 1.363234824146949409e+00 4.266089092938664673e-01
2.790000000000000000e+05 4.015909538357393185e-03 3.628221836622932874e-03 3.655375087604707113e-03 2.267912165642434631e-03 2.694651120326038794e-03 4.910718449934932742e-03 8.628126248022632838e-01 4.292805639239273829e-01 1.459135850647986787e-01 3.120038404131926513e-02 1.282524465783266399e+00 4.093769702723505932e-01
2.800000000000000000e+05 4.618373179681911980e-03 4.099685000754034470e-03 3.369590582930691997e-03 2.405241814743338136e-03 2.213896176695922136e-03 5.009667023304630561e-03 8.442192259236288576e-01 4.217125785902915980e-01 1.419467553381458247e-01 3.096122803274918567e-02 1.248408950823312935e+00 4.071196950453628283e-01
2.810000000000000000e+05 1.642641843578447136e-03 1.744363265572775219e-03 2.377538791525163342e-03 1.192185719812104139e-03 1.195966633252680241e-03 3.775996153714120205e-03 8.373531910820940505e-01 4.197042131597658599e-01 1.399198188480852700e-01 2.988061368023437955e-02 1.241618990968445191e+00 4.113598298620201876e-01
2.820000000000000000e+05 1.668556429476011254e-03 1.703032492591808429e-03 2.395950148375799917e-03 1.150973662602745471e-03 1.150157005585884145e-03 3.713264551257387368e-03 7.986885591209830215e-01 3.999860475919991276e-01 1.323902038478753096e-01 2.918697890961718597e-02 1.174455879287961801e+00 3.979011833295036937e-01
2.830000000000000000e+05 1.816028938747762814e-03 2.070021769659958610e-03 2.414495507479549278e-03 1.236404653826086563e-03 1.250087021211264068e-03 3.689316157444535050e-03 7.808483049296719436e-01 3.914758620935603339e-01 1.288503216547363661e-01 2.896444290338678201e-02 1.142175087572401715e+00 3.942745612112150688e-01
2.840000000000000000e+05 1.576928497076761707e-03 1.722780048968606658e-03 2.361906697079972726e-03 9.761905039037994817e-04 1.185475818263880335e-03 3.590057290427771906e-03 7.537291629982970642e-01 3.769258441182553043e-01 1.236501242880921891e-01 2.833567921229213429e-02 1.093755796804896541e+00 3.856674337560657695e-01
2.850000000000000000e+05 1.485487611369137786e-03 1.645263723092794950e-03 2.242571660876457786e-03 9.762941659300361508e-04 1.060113029927499612e-03 3.524107162745063800e-03 7.391245470813460061e-01 3.701189048547180449e-01 1.209278744716649756e-01 2.827404518183667878e-02 1.066865599329640091e+00 3.845745613472099089e-01
2.860000000000000000e+05 2.752974541718067585e-03 2.791235424025320915e-03 2.705760828110448900e-03 1.659803183108712931e-03 1.492400667538900738e-03 3.799715601943491096e-03 7.080193227832972669e-01 3.529979024782685104e-01 1.156199336735293792e-01 2.858664251164369507e-02 1.008258302511877647e+00 3.717175261670239705e-01
2.870000000000000000e+05 2.026139635814326687e-03 2.243080067356706744e-03 2.817519244350735926e-03 1.238103532359879000e-03 1.642159783788792139e-03 3.577656382963572551e-03 6.795493377301137228e-01 3.360317831128778465e-01 1.108142380995170706e-01 2.775560401879257830e-02 9.574262624594885862e-01 3.604266985796935052e-01
2.880000000000000000e+05 1.383092794065436714e-03 1.588571327610720880e-03 2.004764891765912008e-03 1.057522458719062277e-03 9.824381526153007967e-04 3.391440571828417856e-03 6.804365006963635221e-01 3.398422135886015605e-01 1.106521138042149272e-01 2.834884206059746364e-02 9.586081260945591431e-01 3.709469104942763051e-01
2.890000000000000000e+05 1.369919411740728576e-03 1.579253499382950003e-03 2.016940996957128449e-03 1.019592526256157729e-03 1.037001397629693129e-03 3.268723964508297303e-03 6.549693859086144210e-01 3.252281991410502227e-01 1.066743621152425742e-01 2.828334485839920087e-02 9.118045312139456682e-01 3.615583533626000601e-01
2.900000000000000000e+05 4.318803762456462948e-03 5.597109567468167360e-03 4.862360658708859626e-03 3.182621113209629666e-03 3.181233690150364699e-03 4.544468361202283653e-03 6.212901771575413123e-01 3.029876902778876335e-01 1.034156066155682008e-01 3.014801978870317381e-02 8.450415205096443172e-01 3.399887992029972938e-01
2.910000000000000000e+05 1.492954516651721301e-03 1.882912640658501117e-03 2.698007418867996807e-03 9.104741574147337925e-04 1.798085532808320515e-03 3.390304571987043034e-03 6.102152041011223993e-01 2.980036386633898582e-01 1.009513289948526099e-01 2.840740266128110106e-02 8.304297837693834783e-01 3.420378391727351697e-01
2.920000000000000000e+05 1.228669297135116150e-03 1.475698208243798838e-03 1.823568579534300561e-03 8.968406730793663162e-04 8.381440090874717457e-04 3.137598265554341227e-03 6.211391655135595213e-01 3.098996268415801780e-01 1.037605305947485179e-01 2.945765752560919673e-02 8.515843686346312724e-01 3.606550655631234892e-01
2.930000000000000000e+05 1.176643373613904574e-03 1.444209672814018375e-03 1.759914814836796137e-03 8.518342016017913486e-04 7.829100995276944055e-04 3.078301879133532332e-03 6.119131626091536269e-01 3.061697198317361868e-01 1.035860842958951644e-01 2.995841449557921574e-02 8.363011143756930998e-01 3.608174103891427231e-01
2.940000000000000000e+05 1.247537253578360735e-03 1.556888365832156864e-03 1.917927237898897673e-03 8.632406492728210900e-04 8.369556504431241786e-04 3.004290955578221758e-03 5.954533548962640532e-01 2.968844893569815846e-01 1.025562391525832173e-01 3.032496716773685694e-02 8.086438899562327087e-01 3.547977421434325707e-01
2.950000000000000000e+05 1.419264531323352662e-03 1.706671086190741926e-03 1.700288726120203998e-03 1.235573756935202895e-03 1.004511864755270462e-03 3.081865384489319761e-03 5.929588079288724556e-01 2.982983179977711785e-01 1.036542571450368849e-01 3.172362820104149272e-02 8.061373261069174623e-01 3.603726109152523560e-01
2.960000000000000000e+05 1.823779148834538859e-03 2.488389164757728866e-03 3.017218014459389745e-03 1.308391651612306542e-03 1.783164688598759887e-03 3.248023074059923181e-03 5.676200616227826679e-01 2.812937686859998121e-01 1.025294839969581456e-01 3.184407486944032528e-02 7.632186413718312634e-01 3.436582009845076668e-01
2.970000000000000000e+05 1.873555754334342224e-02 1.866268966533749310e-02 9.919257490951679385e-03 1.405156564816467668e-02 1.168697869348485699e-02 1.097407614047054072e-02 5.535849829591750204e-01 2.734716869176513354e-01 1.072565738483459152e-01 4.649899981809436922e-02 7.153711487713482198e-01 3.270434292828411360e-01
2.980000000000000000e+05 2.835886766744046428e-03 3.680339062812039343e-03 2.321585328496714347e-03 3.096702224717141818e-03 1.287896148039890422e-03 3.163228990523108981e-03 5.639330259468189332e-01 2.858727889689835489e-01 1.063248012683560978e-01 3.588161404592612319e-02 7.648251921978157508e-01 3.538787753008400538e-01
2.990000000000000000e+05 1.410411961066385198e-03 1.744123210695219502e-03 1.813512041549742359e-03 9.147269739942429350e-04 8.533895870678343118e-04 2.798403341815000004e-03 5.505017013313900920e-01 2.775658267619013353e-01 1.070591103795548449e-01 3.426061021295612186e-02 7.468950189581756716e-01 3.505951887512862575e-01
3.000000000000000000e+05 6.388883406125152320e-03 6.396095289585829353e-03 3.630047305190459237e-03 4.619029405863499249e-03 2.625028824231958463e-03 4.284589933545667091e-03 5.402291953306576078e-01 2.743046011227490699e-01 1.099132785015778796e-01 3.946961451777820234e-02 7.282630183543475910e-01 3.440891795713998391e-01
3.000000000000000000e+05 6.388883406125152320e-03 6.396095289585829353e-03 3.630047305190459237e-03 4.619029405863499249e-03 2.625028824231958463e-03 4.284589933545667091e-03 5.402291953306576078e-01 2.743046011227490699e-01 1.099132785015778796e-01 3.946961451777820234e-02 7.282630183543475910e-01 3.440891795713998391e-01
3.150000000000000000e+05 2.355414123651714317e-07 1.643145916114461364e-07 8.993650075017423279e-08 1.572356650414625225e-07 2.342299137815211980e-07 2.431241854619394861e-07 1.958909727377640797e+00 1.017276712880164302e+00 2.167212191039163405e-01 9.706615232716965525e-02 2.764252146478138439e+00 1.764479759845548390e+00
