# step, loss_train, loss_test, metrics_test
0.000000000000000000e+00 2.816647301787880764e+01 2.778677804992475853e+00 1.156914309123035345e+01 1.725759207619954694e+01 1.453324038607226809e+00 2.235309829003482562e+01 2.875859403247392976e+01 2.045222487244132470e+00 1.000876843639549918e+01 1.837349173075007158e+01 1.711928027058804647e+00 2.141116896811394454e+01
1.000000000000000000e+03 5.789469142610487395e+00 1.863017264554207131e+00 5.892293464268866243e-02 7.902730254933439724e+00 5.914774436664004043e+00 2.017710363670708773e+00 5.414302983540316028e+00 1.775933692206279835e+00 6.317757407582559603e-02 7.082779104287885374e+00 5.337529329173922754e+00 1.616731054966312975e+00
2.000000000000000000e+03 7.682554597227504445e-01 1.568147948810835635e+00 6.878940027032740545e-01 1.644985467585518890e+00 2.061440552218986255e+00 2.108181586720242195e-01 7.729345795378467221e-01 1.779114098184896298e+00 7.995169943771628374e-01 1.742184805249514801e+00 2.226983413010018342e+00 1.711766315054824295e-01
3.000000000000000000e+03 3.340828234642376771e-01 9.616236694639763716e-01 4.422750320131482171e-01 8.073238357642879004e-01 1.243034487407888689e+00 2.008073624105911614e-01 3.331198326922871211e-01 1.119278353656841141e+00 5.158507151163602700e-01 8.693698497058014452e-01 1.421703907339725736e+00 1.956698204347235293e-01
4.000000000000000000e+03 2.552888367060037744e-01 8.195777490956326350e-01 3.910298688291292124e-01 5.645461137378756655e-01 9.273332492664563276e-01 1.617537677155300446e-01 2.545547075646661939e-01 9.561258884888897969e-01 4.614813030913532677e-01 5.988545161209418710e-01 1.071195667914341731e+00 1.618003887967337517e-01
5.000000000000000000e+03 1.816732466945218949e-01 6.361607396268511572e-01 3.316693197633789891e-01 3.917997364715873343e-01 6.661113790026639281e-01 1.047162999911631642e-01 1.855072499909492523e-01 7.470440093267004533e-01 3.954372452509596902e-01 4.030364726276151610e-01 7.748136918932252426e-01 1.089798549166585001e-01
6.000000000000000000e+03 1.758216963089312690e-01 5.166048635356906837e-01 2.799678729768320662e-01 3.274219859196988436e-01 5.391031952686666795e-01 9.291561279383274419e-02 1.844265935199400630e-01 6.068456448759838029e-01 3.323420803730989248e-01 3.353557670944951608e-01 6.243398596007313506e-01 9.294737288295816524e-02
7.000000000000000000e+03 3.190509646083899420e-01 5.581617815844105435e-01 3.908832337472553098e-01 3.916114180475277484e-01 5.397877551444567601e-01 2.483368099191933520e-01 3.599954072606098565e-01 6.576262325763050365e-01 4.633848629858322021e-01 4.231481220632279938e-01 6.247488286106976929e-01 2.794274224188251221e-01
8.000000000000000000e+03 1.535922807786442301e-01 4.106707549095731657e-01 2.285497247756300698e-01 2.627708106338653149e-01 4.263374575330052818e-01 8.575754415421892041e-02 1.618839428978492978e-01 4.826455346528717993e-01 2.678206798804549926e-01 2.744024836369756137e-01 4.885316760566482674e-01 8.416462481120323691e-02
9.000000000000000000e+03 1.366882652322453373e-01 3.816718214629997719e-01 2.108476944535383757e-01 2.377795188310816155e-01 3.888247757507578561e-01 8.281004745851917870e-02 1.429073847630415173e-01 4.495990562357485287e-01 2.477100980136885400e-01 2.490205044615935170e-01 4.441632367620083066e-01 8.282926384882531579e-02
1.000000000000000000e+04 1.186119248848142016e-01 3.532412392081870078e-01 1.914230486492002614e-01 2.158269909287016119e-01 3.570555937445092920e-01 7.738267914291822869e-02 1.224188528554388949e-01 4.175830037069017120e-01 2.267031017828494421e-01 2.270418062449340302e-01 4.079849612110912904e-01 7.884528227852265203e-02
1.100000000000000000e+04 1.001175419009399520e-01 3.265337958668624863e-01 1.749603137163694977e-01 1.955978946106397554e-01 3.273891448582507135e-01 7.135355152299452386e-02 1.024040825973545066e-01 3.875554280488932579e-01 2.090983533534175320e-01 2.076992349005437055e-01 3.751322071043058926e-01 7.498054241123547348e-02
1.200000000000000000e+04 4.468478803938863431e-01 5.370604400429952463e-01 4.812167725754738501e-01 4.276866173865881970e-01 4.866721384064797151e-01 4.410429322604614288e-01 5.215257164208793039e-01 6.409421663801370128e-01 5.769396822036497730e-01 4.908666373628909896e-01 5.690107836173319278e-01 5.211995773181120617e-01
1.300000000000000000e+04 7.300803486574924950e-02 2.807657256238506593e-01 1.520436568363633667e-01 1.667410354982522824e-01 2.768829736591256196e-01 5.847896355022837167e-02 7.442590883925925827e-02 3.342812228501375604e-01 1.824352068795379034e-01 1.812856308165548269e-01 3.193057326141512942e-01 6.417160970263943720e-02
1.400000000000000000e+04 6.612343815756419052e-02 2.631309742778155658e-01 1.428017786377703546e-01 1.571511098843527687e-01 2.575297364740333772e-01 5.356790762301679582e-02 6.704242169535613860e-02 3.130296878872336208e-01 1.710102398800914525e-01 1.724092297388477024e-01 2.976985928495197720e-01 5.882583352655142150e-02
1.500000000000000000e+04 6.154246149754560163e-02 2.485361814930443225e-01 1.348957296032763098e-01 1.486752946019709032e-01 2.412485743381203862e-01 4.994749670499120525e-02 6.149956173273560950e-02 2.953974920704167118e-01 1.610115342106429592e-01 1.641171705772132006e-01 2.793683784421803762e-01 5.447803324779231654e-02
1.600000000000000000e+04 5.876593001439136404e-02 2.344521512458552781e-01 1.275349476074883748e-01 1.418329875441908805e-01 2.274277812047357239e-01 4.700657653391287355e-02 5.769976528404344163e-02 2.785565234462252238e-01 1.515753641224139581e-01 1.571108635320641322e-01 2.639150350665093181e-01 5.056652067536976380e-02
1.700000000000000000e+04 5.582678714243825141e-02 2.229588159814372417e-01 1.216578247740019852e-01 1.352530520498593514e-01 2.157877695707748900e-01 4.489080685140972582e-02 5.370030985659263179e-02 2.650399633239086117e-01 1.438620769786764231e-01 1.501124447878519619e-01 2.509360667374533338e-01 4.760403050781670392e-02
1.800000000000000000e+04 5.344173191619559088e-02 2.116053076876177330e-01 1.168218243153868324e-01 1.287958520280008123e-01 2.044107954805023664e-01 4.370174783317146150e-02 5.042915414831330989e-02 2.519873037056828413e-01 1.375188901399521380e-01 1.429276373784778287e-01 2.384194269200020921e-01 4.558093256357748785e-02
1.900000000000000000e+04 5.063026986460483769e-02 2.015240814644113088e-01 1.128291236087675259e-01 1.223399122604508227e-01 1.939832660357911631e-01 4.306905985536947645e-02 4.695802231499587170e-02 2.407442262784956211e-01 1.324464067739827278e-01 1.354901707827330937e-01 2.269381237906233639e-01 4.433764162444571444e-02
2.000000000000000000e+04 3.194477941481722039e-01 3.693801049122966695e-01 3.432998535567964860e-01 3.257614366114395255e-01 3.505730125338999414e-01 3.139597836895577920e-01 3.679135694719150029e-01 4.443357957427009897e-01 4.080764276025275472e-01 3.796534331987765909e-01 4.170234310512343501e-01 3.667496179723307992e-01
2.100000000000000000e+04 4.313682584719765595e-02 1.846525316843778963e-01 1.071682132763163570e-01 1.088332152955471810e-01 1.748548158049053891e-01 4.284223617677102025e-02 3.971101844182442497e-02 2.226590358202972242e-01 1.268316092194263500e-01 1.189474813658398245e-01 2.050452526471588377e-01 4.469000082091198478e-02
2.200000000000000000e+04 3.942855289973234978e-02 1.767416708960585225e-01 1.041876529363819914e-01 1.028711002654619650e-01 1.661519788754310112e-01 4.240050474899050709e-02 3.713131160640512074e-02 2.138700757879856695e-01 1.246697512462240226e-01 1.113132543044315498e-01 1.943885879052692778e-01 4.558460947825165865e-02
2.300000000000000000e+04 3.608527618316813984e-02 1.699033113365050474e-01 1.008552357630942836e-01 9.769273318176149856e-02 1.585842295184366757e-01 4.124728970715549337e-02 3.507103619455969462e-02 2.057294569638069559e-01 1.220701687014172365e-01 1.048227592444141015e-01 1.847649002135423879e-01 4.605204965482322110e-02
2.400000000000000000e+04 3.383996603269186915e-02 1.623986207764196721e-01 9.652494637622632823e-02 9.388972396597772274e-02 1.515362151950641889e-01 3.976942813175894653e-02 3.393452394493873953e-02 1.965363956005152235e-01 1.180816989293101554e-01 1.000384911562594292e-01 1.757717948079079717e-01 4.592890647220240763e-02
2.500000000000000000e+04 3.913586121896547865e-02 1.601145819572524220e-01 9.679844420999018928e-02 9.748816301150900476e-02 1.513021904317755906e-01 4.407014472006189759e-02 4.155658124551498550e-02 1.935330565559327531e-01 1.202238510460678922e-01 1.037437403153233517e-01 1.744666269268494441e-01 5.326550638551971750e-02
2.600000000000000000e+04 3.068383183231911809e-02 1.490484919731873692e-01 8.752142877128704646e-02 8.792516372487578502e-02 1.392953803694724491e-01 3.596189016768164964e-02 3.223908277721666132e-02 1.794361966514632645e-01 1.089161965841511370e-01 9.285279192980261387e-02 1.601005078865642139e-01 4.419290281201144338e-02
2.700000000000000000e+04 5.618301193177637626e-02 1.593025846453333672e-01 1.074250006483624675e-01 1.014260858107050023e-01 1.444865192846479240e-01 6.197285255905828766e-02 6.322665426321376347e-02 1.906862310325228849e-01 1.315920319508285252e-01 1.105121100885550628e-01 1.670499744063891623e-01 7.507755477863846394e-02
2.800000000000000000e+04 2.860398983619491520e-02 1.368136710495289898e-01 7.879274060854345174e-02 8.368955671996990142e-02 1.288487545821398739e-01 3.204841491059223779e-02 3.084306550724235860e-02 1.633995407630795538e-01 9.937770010621863048e-02 8.802037413865491933e-02 1.468371428302799320e-01 4.157070943279480429e-02
2.900000000000000000e+04 2.776042896145247685e-02 1.311179947882297192e-01 7.472089829132438910e-02 8.202035496299155126e-02 1.242267733122637274e-01 3.029149079689781240e-02 3.015436127876186187e-02 1.559223845944193443e-01 9.485803387690719402e-02 8.621394328228416948e-02 1.410085766745338975e-01 4.036320324885910027e-02
3.000000000000000000e+04 2.677016107811873782e-02 1.266221598483281419e-01 7.135026644963986253e-02 7.998982596579111426e-02 1.200702728395131452e-01 2.858192880861591678e-02 2.910742791255209808e-02 1.498000730692186089e-01 9.084675736092634457e-02 8.420623812040566036e-02 1.358551838570536408e-01 3.905572588477223411e-02
3.100000000000000000e+04 2.592930356708786355e-02 1.216606700623755477e-01 6.816480493075126323e-02 7.824447439420889605e-02 1.157793693338200897e-01 2.716531178497448920e-02 2.828610688147727495e-02 1.431520292334132194e-01 8.723027519493548043e-02 8.266256647995139095e-02 1.305732065777615303e-01 3.824281377194829745e-02
3.200000000000000000e+04 2.498854806964850850e-02 1.172156003930916041e-01 6.542806296922913656e-02 7.617911910065998382e-02 1.116533193617689351e-01 2.581292152077319102e-02 2.733320548244794548e-02 1.370290600345102916e-01 8.396789696864187524e-02 8.103083609225368578e-02 1.255720727984921681e-01 3.760909145538816195e-02
3.300000000000000000e+04 2.390762945037476148e-02 1.137131249152185108e-01 6.352365436003859500e-02 7.344804846195977788e-02 1.077223764238613851e-01 2.466345411235851964e-02 2.612979006396673465e-02 1.320320588615114810e-01 8.131228492137157482e-02 7.906788569140761613e-02 1.210506968343835199e-01 3.709443161070644090e-02
3.400000000000000000e+04 2.269902510212892105e-02 1.100494606788422897e-01 6.176784242360428695e-02 7.085514818958023320e-02 1.039603072384375354e-01 2.370168039967331108e-02 2.494443193861926172e-02 1.269076556282374979e-01 7.884848305463482143e-02 7.752568531362424853e-02 1.167888781717115465e-01 3.701375667641017275e-02
3.500000000000000000e+04 1.169404123117218641e-01 1.747543879063141459e-01 1.456941657902732501e-01 1.444382127805604876e-01 1.635973504398934020e-01 1.194344156822196301e-01 1.452350853507523021e-01 1.984111920784672467e-01 1.808530882541032614e-01 1.687152714685301869e-01 1.831575348523233060e-01 1.614545914896008960e-01
3.600000000000000000e+04 1.994078884183170253e-02 1.038618164930389248e-01 5.966317789017661077e-02 6.442524749297202924e-02 9.656831806520159434e-02 2.255989101818369966e-02 2.218744923353628204e-02 1.184859093415772668e-01 7.477385491799241890e-02 7.419944536735999241e-02 1.093219998494740081e-01 3.711504904023858048e-02
3.700000000000000000e+04 1.856587626065162380e-02 1.005575951997700473e-01 5.886304457489111713e-02 6.103909408841889928e-02 9.280086341655052751e-02 2.239837960634862013e-02 2.094795438088055059e-02 1.143569622034783934e-01 7.292586734224898448e-02 7.289445303481889571e-02 1.059416166085542232e-01 3.743657606479335737e-02
3.800000000000000000e+04 1.728056976704165498e-02 9.768327179074753897e-02 5.837173408281928072e-02 5.738931312587160910e-02 8.917990717981522097e-02 2.254991763687701559e-02 1.973085079263088917e-02 1.112249026806209490e-01 7.130154665113833112e-02 7.124566171450033569e-02 1.030931095473954368e-01 3.741862505644514419e-02
3.900000000000000000e+04 1.612699409132507464e-02 9.408051527301970751e-02 5.753589051127146886e-02 5.431539854227572517e-02 8.552853734842744138e-02 2.275203334373618325e-02 1.890819513854974029e-02 1.074058884276224979e-01 6.952006324744164356e-02 7.047217753653485517e-02 1.002921964161628265e-01 3.766474005453009088e-02
4.000000000000000000e+04 3.062960326946601586e-01 2.874532255138378956e-01 3.143375131603360906e-01 2.687947797848612153e-01 2.521127395574228047e-01 3.191384749428152201e-01 3.840501512617706115e-01 3.243016021306981411e-01 3.640675415990882735e-01 3.494436442497551032e-01 3.009462191583704427e-01 4.001954604995451859e-01
4.100000000000000000e+04 1.443839392891671514e-02 8.686821704297302549e-02 5.541595608384977667e-02 4.892523703896291959e-02 7.851829746740593419e-02 2.322508499095920012e-02 1.805613346861931201e-02 1.006888949001613492e-01 6.594213886301289462e-02 6.915382948944304164e-02 9.523909887411202702e-02 3.765450249475003897e-02
4.200000000000000000e+04 1.384866009901705199e-02 8.301437753964986677e-02 5.388806368835274974e-02 4.690103908185618703e-02 7.528390355047998028e-02 2.329351203689582206e-02 1.811579543084150534e-02 9.715126577469998526e-02 6.393296386031542544e-02 6.922806736753413237e-02 9.294631057813979025e-02 3.773958501424593687e-02
4.300000000000000000e+04 1.422962802261273398e-02 8.003883887024361432e-02 5.282079973112829840e-02 4.523724441666059082e-02 7.253324344806252877e-02 2.397123140765913471e-02 1.873480145118248952e-02 9.538931132252359557e-02 6.352505743626238321e-02 6.793624598697489692e-02 9.072048078661819337e-02 3.841301922068689201e-02
4.400000000000000000e+04 1.311162030867398486e-02 7.596251220303151808e-02 5.051396618029486280e-02 4.360610574094928027e-02 6.964944161735475703e-02 2.306334818748227711e-02 1.885440131526969904e-02 9.098139818854139582e-02 6.005109035941414569e-02 6.965093929477324253e-02 8.903774165752097181e-02 3.769222944096816547e-02
4.500000000000000000e+04 1.647023234965834526e-02 7.554848989376969359e-02 5.194239454473112416e-02 4.547452378539441897e-02 7.008271853076375457e-02 2.648863686393668204e-02 2.495140704708498705e-02 9.070441485910808732e-02 6.006063228813378341e-02 7.632739298782369175e-02 9.187083698944550902e-02 4.156252513627475831e-02
4.600000000000000000e+04 1.290511583742878603e-02 6.940888708444745148e-02 4.682553832692493839e-02 4.110364845567988923e-02 6.485973861412352992e-02 2.252416111801220158e-02 2.043528383253276348e-02 8.522727657273680701e-02 5.626800209446361500e-02 7.094577764566961653e-02 8.581785274843849176e-02 3.809870113761695820e-02
4.700000000000000000e+04 1.635099321955423360e-02 6.876468768927854192e-02 4.771606482891647960e-02 4.192746883325410706e-02 6.443748547247962755e-02 2.526892571287496503e-02 2.436684253955410245e-02 8.634953636780202946e-02 6.030250724154329056e-02 7.006367906736343798e-02 8.464599896823273018e-02 4.276171714135332258e-02
4.800000000000000000e+04 1.290334853322081150e-02 6.393118408117344498e-02 4.338020004935934371e-02 3.932614768179892861e-02 6.105028371502990714e-02 2.182704944141745582e-02 2.218912229541718587e-02 8.050525687713293299e-02 5.290895068193712802e-02 7.229876444652774681e-02 8.329475818456090475e-02 3.841352573323793956e-02
4.900000000000000000e+04 1.291626492763086297e-02 6.137465100300500825e-02 4.173970361702600274e-02 3.871678072761555733e-02 5.941703642827885629e-02 2.146485980228733659e-02 2.309220210832317599e-02 7.820642418917156391e-02 5.129818725530665285e-02 7.334366884416804178e-02 8.228808892504529959e-02 3.869598896549761302e-02
5.000000000000000000e+04 1.629939620943123349e-02 6.162160679836638233e-02 4.349223301180791396e-02 4.151475131443106703e-02 6.047072882633520302e-02 2.497717176620810678e-02 2.914029658523138375e-02 7.855126791358892080e-02 5.065415779669790036e-02 8.237607316953024506e-02 8.681491440600673515e-02 4.200018443781243505e-02
5.100000000000000000e+04 1.291728856862069119e-02 5.726567040567361044e-02 3.892751688935745108e-02 3.749911544332112934e-02 5.665542128547296913e-02 2.072933541357280252e-02 2.460951385607763886e-02 7.468104946087972262e-02 4.865742768534866980e-02 7.443670463929456804e-02 8.052455412490598652e-02 3.890334473919257463e-02
5.200000000000000000e+04 1.296432649289404326e-02 5.523919492949535409e-02 3.755926169078307314e-02 3.703695721037667671e-02 5.535774666027741542e-02 2.038860243540238995e-02 2.547941319143576244e-02 7.287193578302023078e-02 4.736573944670415676e-02 7.535652862846400901e-02 7.980630251451467649e-02 3.925307602298032383e-02
5.300000000000000000e+04 1.295544860945102225e-02 5.382242041919144127e-02 3.645177410559199971e-02 3.641771263556011634e-02 5.425758328095185018e-02 2.004511545575884957e-02 2.606835455213178665e-02 7.177114689114948154e-02 4.639533912607004401e-02 7.528825301488209498e-02 7.904903399220211679e-02 3.917437441308953272e-02
5.400000000000000000e+04 1.303318789880218362e-02 5.199271286733041925e-02 3.526315034548212213e-02 3.601999690824766315e-02 5.305607719350202700e-02 1.974655208333602266e-02 2.694827024526554038e-02 7.012688904305587612e-02 4.527279261235499924e-02 7.629188505386130803e-02 7.843884662517770778e-02 3.964340560492068954e-02
5.500000000000000000e+04 2.300492827709834862e-02 5.714446276857706314e-02 4.308774174030827880e-02 4.398817813200649185e-02 5.821890899370434080e-02 3.011465544298934718e-02 4.106327971267240140e-02 7.658754993416498624e-02 4.996249325154046572e-02 9.332808470961126424e-02 8.997432534340302213e-02 4.884263811687238749e-02
5.600000000000000000e+04 1.315688358869210144e-02 4.915073889662722323e-02 3.325262694952773462e-02 3.507491340180343004e-02 5.095880595832741333e-02 1.916852165454277848e-02 2.845053190740858690e-02 6.773520528673891705e-02 4.351650551584839571e-02 7.718398555003468109e-02 7.720364275933391807e-02 4.024753175604939281e-02
5.700000000000000000e+04 1.330322571309705895e-02 4.748147172464003279e-02 3.219273764398729309e-02 3.474327818099591514e-02 4.984342835629646667e-02 1.894396559903641780e-02 2.953481522317098762e-02 6.623700010544944505e-02 4.264078466826593666e-02 7.847321338760276932e-02 7.674585397595037883e-02 4.122019880298905675e-02
5.800000000000000000e+04 1.336575038112617839e-02 4.638943791398542765e-02 3.140537764964068668e-02 3.426270789401103523e-02 4.896051832855909808e-02 1.868410530800715050e-02 3.015260203373024833e-02 6.535515758075174930e-02 4.200068956534776937e-02 7.858239150971443876e-02 7.614377685384476901e-02 4.143959999863199711e-02
5.900000000000000000e+04 1.350093825566303120e-02 4.493556531182490987e-02 3.048903969181010823e-02 3.395259654039999714e-02 4.799533953261573421e-02 1.850843370273035776e-02 3.113034298182232665e-02 6.407102170353376480e-02 4.116211518231448901e-02 7.977486736731050077e-02 7.586730349067016821e-02 4.233533216411394101e-02
6.000000000000000000e+04 1.353131933646281766e-02 4.424408706470663033e-02 2.984602094860689878e-02 3.350333687471163807e-02 4.736627746841984288e-02 1.841571414407520632e-02 3.163277541398588216e-02 6.364552709497073302e-02 4.013005592807535049e-02 8.004452990652233257e-02 7.585786606021907574e-02 4.187263571279006835e-02
6.100000000000000000e+04 1.358634213008947343e-02 4.294733701506240481e-02 2.908703878396178694e-02 3.313275483170362995e-02 4.647273678351915294e-02 1.814953444883180000e-02 3.223364452373608108e-02 6.250040196798335723e-02 3.983823532148972335e-02 8.033050070184424851e-02 7.515683005221009128e-02 4.292129671692099246e-02
6.200000000000000000e+04 1.363740501315945618e-02 4.194299182395785225e-02 2.839987806824680050e-02 3.279115324502715478e-02 4.574805189630005986e-02 1.800102103352448080e-02 3.282633489840097729e-02 6.170577835580942638e-02 3.917923841036723143e-02 8.085964902057274362e-02 7.493322743409940034e-02 4.338252732448233395e-02
6.300000000000000000e+04 1.402574659234682650e-02 4.176404563723735974e-02 2.818549688133969652e-02 3.289190791157702021e-02 4.560175486235342607e-02 1.841433136129902448e-02 3.377239716413436149e-02 6.189446170818422438e-02 3.769427320902617173e-02 8.269669876000587672e-02 7.635008622600128469e-02 4.259164278555502281e-02
6.400000000000000000e+04 1.366078132892000786e-02 4.040314012193462617e-02 2.721250089988531615e-02 3.213679484249651330e-02 4.452054479924528324e-02 1.764030441940375032e-02 3.366661764294240355e-02 6.049780651276730203e-02 3.800731508977667206e-02 8.108644241352459814e-02 7.435689726425649682e-02 4.378067572833807541e-02
6.500000000000000000e+04 2.280581061065697634e-01 1.772988264029285166e-01 2.113335703658657805e-01 1.819485164667902222e-01 1.596223317620044657e-01 2.371479117917221213e-01 2.844553246471349106e-01 2.215198013778411357e-01 2.837347713613632139e-01 2.249105120065498786e-01 1.851818120358931508e-01 3.258966001397834433e-01
6.600000000000000000e+04 1.369745495235898808e-02 3.896294055865728856e-02 2.612455711074802497e-02 3.158161314558546873e-02 4.336931056339593527e-02 1.732375200838049897e-02 3.452888341884481627e-02 5.935191369638099373e-02 3.692694520168127853e-02 8.149192461974209822e-02 7.388984499070400114e-02 4.436876133614861550e-02
6.700000000000000000e+04 1.379765871181734375e-02 3.870947644941487992e-02 2.556984770352231651e-02 3.126667436308344650e-02 4.304562914176755101e-02 1.706093623474557244e-02 3.481405467612427862e-02 5.913591289672123774e-02 3.711013749453593441e-02 8.038196705158005828e-02 7.297189812196733238e-02 4.471547673049142829e-02
6.800000000000000000e+04 1.373006679966764197e-02 3.767351766292602322e-02 2.513166744288234181e-02 3.107135099215188601e-02 4.232167688290414814e-02 1.702972361638238272e-02 3.529037785669816157e-02 5.835632310135988043e-02 3.590287819747392528e-02 8.185560381768489102e-02 7.351663475407713144e-02 4.491854772013739727e-02
6.900000000000000000e+04 1.563726619644409052e-02 3.860821024915383343e-02 2.626703078901041627e-02 3.260952605005340565e-02 4.324718859472812676e-02 1.917488126965498710e-02 3.792709145112237168e-02 6.018764488950221342e-02 3.452774546820974039e-02 8.717648209099318479e-02 7.792718425300845797e-02 4.453854111684487499e-02
7.000000000000000000e+04 1.373587185846432412e-02 3.660809591078891673e-02 2.423321216500914921e-02 3.057650061335713890e-02 4.140921438929458243e-02 1.672269912295305111e-02 3.584593065827156033e-02 5.755122576017793201e-02 3.494718355402027382e-02 8.187270338036860273e-02 7.312932901774042704e-02 4.519883286763747010e-02
7.100000000000000000e+04 1.377361294425118524e-02 3.596579536717819936e-02 2.377462090594404526e-02 3.037114624138000790e-02 4.091406930380900309e-02 1.662685700869180605e-02 3.629122121783535937e-02 5.706973967810858445e-02 3.447686598324009588e-02 8.227669611877100331e-02 7.307314414492563359e-02 4.566537226193881360e-02
7.200000000000000000e+04 1.387544630267281177e-02 3.594575813977318041e-02 2.337066902839736102e-02 3.034156686197483216e-02 4.082907658135832840e-02 1.666469461415378064e-02 3.643924184176708381e-02 5.729558274336759432e-02 3.327763608965666337e-02 8.282459271396699907e-02 7.379437314050102392e-02 4.455079632442004306e-02
7.300000000000000000e+04 1.374094924791315411e-02 3.507293285166074998e-02 2.298354526082571625e-02 2.996381827697800967e-02 4.013309995200745051e-02 1.634080294750264728e-02 3.665131648152754329e-02 5.638896237036237352e-02 3.359248449622116023e-02 8.209099223970621473e-02 7.269739447227040186e-02 4.573735713164960026e-02
7.400000000000000000e+04 1.377312133850160970e-02 3.447597156622019682e-02 2.257765171061736423e-02 2.979598302060832912e-02 3.967111615087280663e-02 1.626484725867938241e-02 3.705182933279332902e-02 5.596010983089576285e-02 3.317096797392884294e-02 8.247992814810461981e-02 7.267734014471488591e-02 4.617774062326177736e-02
7.500000000000000000e+04 4.378673175571625581e-02 5.295277869726024850e-02 4.837698979786905773e-02 5.316014988582475759e-02 5.589243612549544410e-02 4.837472896057021243e-02 7.323798932414925245e-02 8.160924331633828688e-02 5.184920557006341552e-02 1.256343477646076623e-01 1.071349962786110055e-01 7.145633209683706355e-02
7.600000000000000000e+04 1.371062603565079314e-02 3.382401918600733137e-02 2.186149838561546668e-02 2.938529651857317571e-02 3.901930278777335226e-02 1.598011767684245910e-02 3.717324082969664795e-02 5.545669476668894926e-02 3.237860037080661502e-02 8.183996267455924400e-02 7.221834172641018734e-02 4.594233489618616828e-02
7.700000000000000000e+04 1.375417028151469656e-02 3.319309375841170834e-02 2.149836123673382407e-02 2.925722648975996598e-02 3.855331854305554112e-02 1.593346808769650902e-02 3.761153590294385313e-02 5.503826402433439902e-02 3.195666377864686547e-02 8.245031431809789202e-02 7.233705369537432595e-02 4.648120277598652428e-02
7.800000000000000000e+04 1.369609677336350480e-02 3.310606916846457054e-02 2.109346848370882363e-02 2.904388384589262628e-02 3.836208793452170612e-02 1.579159440846107654e-02 3.748511954635720678e-02 5.499138403660432800e-02 3.133358926837872399e-02 8.193486335568887780e-02 7.223125200088721665e-02 4.577194992777881832e-02
7.900000000000000000e+04 1.374130935509619220e-02 3.239953044489089773e-02 2.082416824302101704e-02 2.891470054739712914e-02 3.784777887075809616e-02 1.573473470404088137e-02 3.792987396399805783e-02 5.448974840524049845e-02 3.118825916860883465e-02 8.239825199664158051e-02 7.215937989970207245e-02 4.665092193125275344e-02
8.000000000000000000e+04 1.368178804026338145e-02 3.225826120815675907e-02 2.048697897844462337e-02 2.870426770213197615e-02 3.762384559687004248e-02 1.558876947988234452e-02 3.778603627609822962e-02 5.438455342529933262e-02 3.072519447940107173e-02 8.181152090414438305e-02 7.195271509625075779e-02 4.613578220357236748e-02
8.100000000000000000e+04 1.374131628649717489e-02 3.162210213335461123e-02 2.018882882461648862e-02 2.858528509424190442e-02 3.715260620311978262e-02 1.556226670537476375e-02 3.824957291343505927e-02 5.398381459697027679e-02 3.046576182639909938e-02 8.239825012201025534e-02 7.204617759558266943e-02 4.686906640977964167e-02
8.200000000000000000e+04 1.368621856079142718e-02 3.146376115862644512e-02 1.989629015373387683e-02 2.839149658453668165e-02 3.692450224418510757e-02 1.541204556673725357e-02 3.810336795491730405e-02 5.384705226684922963e-02 3.010633117372006617e-02 8.178277130545956453e-02 7.177919449343876657e-02 4.647695179635211865e-02
8.300000000000000000e+04 2.937249315010868611e-01 2.028366008497675954e-01 2.633369422684862515e-01 2.306992147289471384e-01 1.791484165216654101e-01 3.097198360462792288e-01 3.668767118554128182e-01 2.765230794859657171e-01 2.753831636714235143e-01 3.780964834015996812e-01 3.014552861781341631e-01 3.442447537953139403e-01
8.400000000000000000e+04 1.366979351453110822e-02 3.078125486026626542e-02 1.931741791839928016e-02 2.809472009038401635e-02 3.629997381299784193e-02 1.524343128364664089e-02 3.830188553796695650e-02 5.341231780002436702e-02 2.941690037744378733e-02 8.165952629370125393e-02 7.168161930095866274e-02 4.655931672515319086e-02
8.500000000000000000e+04 1.369515507428305072e-02 3.033000003434598024e-02 1.903411678562184212e-02 2.797388390836666461e-02 3.593700389523868388e-02 1.520563434420993572e-02 3.856495051303943100e-02 5.315859691423789612e-02 2.910093323291423201e-02 8.194304357622980706e-02 7.178087280552002125e-02 4.688858196506195952e-02
8.600000000000000000e+04 1.408297097551213135e-02 3.084063170132380835e-02 1.901812266362509080e-02 2.795394638633870443e-02 3.606817656752488860e-02 1.529055617145519061e-02 3.891143228374832619e-02 5.296503240145228331e-02 3.067515084727777744e-02 7.923578005448601858e-02 6.958973329383620621e-02 4.816360635047379352e-02
8.700000000000000000e+04 1.363345938854728691e-02 2.990516941196932552e-02 1.851203062455182222e-02 2.766255302699848276e-02 3.545220307290530143e-02 1.498513987594215363e-02 3.844360590620115453e-02 5.286422549308584379e-02 2.845332478341094581e-02 8.122720900957801360e-02 7.150053046522908407e-02 4.646606605757048342e-02
8.800000000000000000e+04 1.365031715108470933e-02 2.950731578672016048e-02 1.824846141920482417e-02 2.754174135357760969e-02 3.512199146051252913e-02 1.494991866206665625e-02 3.865151890122281442e-02 5.265098743091278094e-02 2.816425192447219103e-02 8.141472960213823329e-02 7.158883841512611590e-02 4.672206710090875958e-02
8.900000000000000000e+04 1.363865069758395283e-02 2.923168484335626413e-02 1.800227853748636794e-02 2.741491538530528224e-02 3.485934946493892544e-02 1.487509697305593702e-02 3.868801107352465296e-02 5.249012609364887838e-02 2.786913100494953915e-02 8.128884991465187837e-02 7.156062072504973393e-02 4.669837884768315850e-02
9.000000000000000000e+04 1.364514349027859570e-02 2.888951745868017368e-02 1.774715565514651053e-02 2.728400114388006628e-02 3.455709214381882249e-02 1.483460742911701935e-02 3.883261016978497432e-02 5.231241678924449662e-02 2.760266493290782983e-02 8.134195418079272211e-02 7.160826664410296916e-02 4.686012349542964528e-02
9.100000000000000000e+04 1.366573700923421827e-02 2.921164165646415387e-02 1.740470688848791761e-02 2.721777673733488320e-02 3.464297056873375663e-02 1.470961112878558380e-02 3.835787715548349963e-02 5.269244642096662656e-02 2.679922605702125121e-02 8.093351708329946104e-02 7.190480957743544677e-02 4.528921382124932726e-02
9.200000000000000000e+04 1.356694133470198217e-02 2.858827126967009025e-02 1.728138612496114140e-02 2.698608460470130338e-02 3.415289388106540480e-02 1.462121572070219748e-02 3.856328129821889883e-02 5.210135159608084154e-02 2.701371958244161431e-02 8.045487306520532345e-02 7.130614237206465977e-02 4.625447620583233999e-02
9.300000000000000000e+04 1.360050509686927533e-02 2.815829839203191909e-02 1.704105667716552738e-02 2.687850979754784209e-02 3.381150661965266063e-02 1.462311325859460762e-02 3.883826782258142235e-02 5.191807978172773702e-02 2.676465469499833202e-02 8.079806775567999200e-02 7.149928219999387990e-02 4.664092950681176381e-02
9.400000000000000000e+04 1.352692086434333779e-02 2.816186902101226047e-02 1.681233890596601707e-02 2.670900286650637612e-02 3.368934354361884792e-02 1.447422748562935887e-02 3.850312696735202350e-02 5.185534246133276237e-02 2.648276250448565114e-02 7.994798611336546845e-02 7.116807601211559697e-02 4.602414269096088972e-02
9.500000000000000000e+04 1.357017296339827102e-02 2.768986746628523954e-02 1.659085989229933111e-02 2.661936501129472110e-02 3.333143026405127607e-02 1.449261483917724594e-02 3.882405492394137153e-02 5.167610676878357789e-02 2.624448106178950066e-02 8.042042962135713402e-02 7.143019471208134075e-02 4.649465644566892764e-02
9.600000000000000000e+04 1.350552249730062500e-02 2.764922913356249873e-02 1.637525893832785309e-02 2.646774281351521943e-02 3.319235496550855535e-02 1.436167731222091556e-02 3.853354369446718164e-02 5.161235733054453378e-02 2.595286731642004047e-02 7.973171870484961621e-02 7.118670552341208047e-02 4.595138057333539305e-02
9.700000000000000000e+04 2.011149620327943796e-02 3.129471452096378031e-02 2.135036722484997054e-02 3.170798195891050275e-02 3.662881073455702408e-02 2.095488361357200624e-02 4.500137898308667617e-02 5.908931074850456988e-02 2.702131507061810919e-02 9.206183406089049615e-02 8.318511546798219858e-02 4.661054199742411391e-02
9.800000000000000000e+04 1.349098912236370088e-02 2.712843688021155872e-02 1.595209968406088516e-02 2.623919504401411168e-02 3.269680316551570876e-02 1.426805697572829275e-02 3.858781419446548344e-02 5.138605001385769533e-02 2.545764742053377092e-02 7.956985784893515212e-02 7.124359035449739919e-02 4.593622755897888710e-02
9.900000000000000000e+04 1.359104747281893177e-02 2.757996889295026913e-02 1.565783032737165861e-02 2.615142629337785865e-02 3.278802873624909325e-02 1.406962961599529660e-02 3.855243358830931499e-02 5.113945362137293366e-02 2.617922760833229362e-02 7.763679389592445523e-02 6.961728200072166139e-02 4.628702682361281184e-02
1.000000000000000000e+05 1.342012323916714524e-02 2.686875832197380826e-02 1.554751166550085752e-02 2.597739189928198814e-02 3.233802708306026535e-02 1.410123461046547746e-02 3.828582913697117784e-02 5.124387010471261744e-02 2.497235086959869246e-02 7.874706261961016140e-02 7.102326312488485560e-02 4.536194586490251840e-02
