# step, loss_train, loss_test, metrics_test
0.000000000000000000e+00 2.815987812178551053e+01 2.666294656666010621e+00 1.424778928797541333e+01 1.532082455144039734e+01 5.965069577236852716e+00 2.240638463989833440e+01 2.884618726166573666e+01 1.909579359915159147e+00 1.300777328755004802e+01 1.640033602773925736e+01 6.473541459457457847e+00 2.147968779062966860e+01
1.000000000000000000e+03 9.834377368847833978e+00 1.295642427434861466e+00 5.868529025374715768e-01 1.028223782177681933e+01 5.878193168841355565e+00 4.951085079179327941e+00 9.708869347608088063e+00 9.971766171397203893e-01 5.274761338251062748e-01 9.859982541719235272e+00 5.419364045776047689e+00 4.799758154069718508e+00
2.000000000000000000e+03 8.458095257700390945e-01 2.164878144722038211e+00 6.728363732398648933e-01 1.793152590914071087e+00 2.486379304141638880e+00 1.962763300173185621e-01 8.900063711586725379e-01 2.485193569532181179e+00 7.826550376218118776e-01 1.929720692320959774e+00 2.734283637177564952e+00 1.810761871892405117e-01
3.000000000000000000e+03 3.719078965105840351e-01 1.150735190463522795e+00 4.950085329670733669e-01 8.833725080850991507e-01 1.249197162812889061e+00 1.125777217942297431e-01 3.581595556813965686e-01 1.343600386613067688e+00 5.666564034443488662e-01 9.440699473199265501e-01 1.387120283751318350e+00 1.062299862151245278e-01
4.000000000000000000e+03 1.919679825030102260e-01 8.704305576875261963e-01 4.264809431827393249e-01 5.850256888189960813e-01 8.795419349809732168e-01 7.161412468428067502e-02 1.753620791329869588e-01 1.022072165706145785e+00 5.002873830923330045e-01 6.365895884423227180e-01 9.984758235284659778e-01 7.372580081112385664e-02
5.000000000000000000e+03 1.410087931601529398e-01 6.627623181123872831e-01 3.366166031064992681e-01 4.351985578340311633e-01 6.852385572329777741e-01 6.220229238890056384e-02 1.368041116530386569e-01 7.779462473739507944e-01 3.989036180253084929e-01 4.660024640176010369e-01 7.778089932669759454e-01 6.669623677785255222e-02
6.000000000000000000e+03 1.268882758495508412e-01 5.548469709655706739e-01 2.803575801684245472e-01 3.724251521691587796e-01 5.894357925214223082e-01 5.350340803465571810e-02 1.241350928236528151e-01 6.509252071446671728e-01 3.326343103713128579e-01 3.994065975899288023e-01 6.717702595714023506e-01 5.692694056345305037e-02
7.000000000000000000e+03 1.082100424765434221e-01 5.016723910829462563e-01 2.545912387483568740e-01 3.192800023128259390e-01 5.219419362136066276e-01 4.547483049350247580e-02 1.048254629591695991e-01 5.889051909495781612e-01 3.017116309734285684e-01 3.462167119134859639e-01 5.983111813509216503e-01 4.924942290370508402e-02
8.000000000000000000e+03 8.884303673789867295e-02 4.660437907183403450e-01 2.369521927749513035e-01 2.738241464152473270e-01 4.671549280874081611e-01 3.893616984824598004e-02 8.640688686549942432e-02 5.472607762552565980e-01 2.806668309413151707e-01 3.000434556976093181e-01 5.374922201011341771e-01 4.379844369107084578e-02
9.000000000000000000e+03 7.561289395657391776e-02 4.320563995581901962e-01 2.190854354912124269e-01 2.406825947622511785e-01 4.229781949523121476e-01 3.498428565920324446e-02 7.493626332014231839e-02 5.089606444519796380e-01 2.594768807579824199e-01 2.664315892841636058e-01 4.881701125138361297e-01 4.031151768578270650e-02
1.000000000000000000e+04 6.635342673681442205e-02 3.982187100901770638e-01 2.028682609029496819e-01 2.144870828989678679e-01 3.846505548263275398e-01 3.387831945768191716e-02 6.712830573552543145e-02 4.713742317914757507e-01 2.404991847504816260e-01 2.391907340016946326e-01 4.448205891206848395e-01 3.948873040931036998e-02
1.100000000000000000e+04 5.919603549256603758e-02 3.679889799972088094e-01 1.861025843074165520e-01 1.940889752349785613e-01 3.510020830959628135e-01 3.359617678715248745e-02 6.085353559888349168e-02 4.370290555446840197e-01 2.213730669000743834e-01 2.171416235861313715e-01 4.059702175745110164e-01 3.928496497892997735e-02
1.200000000000000000e+04 5.326959240395268830e-02 3.413399273739029516e-01 1.720286344920230748e-01 1.777322477256456645e-01 3.218746106177853838e-01 3.362503336163316647e-02 5.524803314386644848e-02 4.058073928928712104e-01 2.051921215196341464e-01 1.989073556556522349e-01 3.724231284627610439e-01 3.919035717232235982e-02
1.300000000000000000e+04 4.784788213895012354e-02 3.190268718565736905e-01 1.622414948981588945e-01 1.639303946133044698e-01 2.974617516493147651e-01 3.381049415015856957e-02 4.988688018101667537e-02 3.792518526348841457e-01 1.937174218978898188e-01 1.832040980373882411e-01 3.446259647624239641e-01 3.922365472109419493e-02
1.400000000000000000e+04 8.540816032762982291e-02 3.298150117693513517e-01 1.864132609054240941e-01 1.849079485738448214e-01 3.072388366943434868e-01 7.425651129286833796e-02 9.576601705734176517e-02 3.922592962579186104e-01 2.227592076455947312e-01 2.088566764360019201e-01 3.577361688968235809e-01 8.754403875888015774e-02
1.500000000000000000e+04 3.960336888894133017e-02 2.823418886537741312e-01 1.481924455803841911e-01 1.410368808259722384e-01 2.586954371648734763e-01 3.379188918652161616e-02 4.127898480060684938e-02 3.358298588329672318e-01 1.769105447578208090e-01 1.567875144906652751e-01 3.012488481476590096e-01 3.865668965982232974e-02
1.600000000000000000e+04 3.852769329439320600e-02 2.684519037564916943e-01 1.427243839691098304e-01 1.337364057231753001e-01 2.455358057455312992e-01 3.457370095949464234e-02 4.030691223031365039e-02 3.197968894401049811e-01 1.704393020621479959e-01 1.483885780800697496e-01 2.869257698935271939e-01 3.936662297498772639e-02
1.700000000000000000e+04 3.453959968441016465e-02 2.525708777511856962e-01 1.361562306196605898e-01 1.242311041733051014e-01 2.297534901327965839e-01 3.298067638751316089e-02 3.555776801326380326e-02 3.016750415244164318e-01 1.627819910209327148e-01 1.371108351231962452e-01 2.694830475199047060e-01 3.703333855693994453e-02
1.800000000000000000e+04 3.286114923399694604e-02 2.395750407614853916e-01 1.302675091358112547e-01 1.180823968693312381e-01 2.182046248504530273e-01 3.222517695292168721e-02 3.356325423020459220e-02 2.869534800809126485e-01 1.560288733662682226e-01 1.296781652841207666e-01 2.566871152605284534e-01 3.588141787809170230e-02
1.900000000000000000e+04 3.204767704233917741e-02 2.270445455341066621e-01 1.237392138335576680e-01 1.133746201428223604e-01 2.081273345516426176e-01 3.109362165464579775e-02 3.239295505977358297e-02 2.727679875642700091e-01 1.485127107939729352e-01 1.239038020606255813e-01 2.454927356190846066e-01 3.427021175229696265e-02
2.000000000000000000e+04 3.171899829083209971e-02 2.152120673073418811e-01 1.168866104845313197e-01 1.098162178301024805e-01 1.994135829231298840e-01 2.981452946559986009e-02 3.171836865073399125e-02 2.593317300902928668e-01 1.405908995260480854e-01 1.194148479440849953e-01 2.357325705657633830e-01 3.251128505739817737e-02
2.100000000000000000e+04 3.172015318361545710e-02 2.040329977067825984e-01 1.101052663049330166e-01 1.070871958827012693e-01 1.914574431367727092e-01 2.848510600174358059e-02 3.137765082321646720e-02 2.466021244175871652e-01 1.327162422224554272e-01 1.158433388096415245e-01 2.267183789838550789e-01 3.070262991009436657e-02
2.200000000000000000e+04 3.173128373297374322e-02 1.940995263099114798e-01 1.041448120471132749e-01 1.047806106542313320e-01 1.842480866672804585e-01 2.725253952898265553e-02 3.112544167237817072e-02 2.352033046890895929e-01 1.257827962409120981e-01 1.127451255201188801e-01 2.183925400197436195e-01 2.905436563266154681e-02
2.300000000000000000e+04 3.225936651878187622e-02 1.844666995330262738e-01 9.770835167911284813e-02 1.031129133006051246e-01 1.777765507285023472e-01 2.599720291583308696e-02 3.133630802682404320e-02 2.241866723019457219e-01 1.182232537265729688e-01 1.104146280664506097e-01 2.109957355758530773e-01 2.728834664337591309e-02
2.400000000000000000e+04 3.734377976007597494e-02 1.802030896592096143e-01 9.981985473027558953e-02 1.053947584390151765e-01 1.734738253442607292e-01 3.151367695988811779e-02 3.761244860665497597e-02 2.188897912824161462e-01 1.207784191956354225e-01 1.129641016729700798e-01 2.055733286731294407e-01 3.416484971222568529e-02
2.500000000000000000e+04 3.286946496334634121e-02 1.681857818056756160e-01 8.672705330380484079e-02 1.004030081523467760e-01 1.667587139447379296e-01 2.402521968025930765e-02 3.147980055165146979e-02 2.052994231155717830e-01 1.052584906852581936e-01 1.065775594412054494e-01 1.981792998759133451e-01 2.449827149352117733e-02
2.600000000000000000e+04 3.345236544559353903e-02 1.609765755397969678e-01 8.150184584840403090e-02 9.952027197784270307e-02 1.620826106475523887e-01 2.299971749158007464e-02 3.180290033407471434e-02 1.969435655872360802e-01 9.903345138279011362e-02 1.052452223671898335e-01 1.927866759085941073e-01 2.300792264979163032e-02
2.700000000000000000e+04 3.363680733404485201e-02 1.550341618072502148e-01 7.742816733590832112e-02 9.855301021278445317e-02 1.578839423094842431e-01 2.206015017876636342e-02 3.185923862746142116e-02 1.899200692786550959e-01 9.416399234490320513e-02 1.038825249388912603e-01 1.878001713435494269e-01 2.173491129181331569e-02
2.800000000000000000e+04 3.418962615235811298e-02 1.491773248576362398e-01 7.300574343440251190e-02 9.788597098069203029e-02 1.540502217863193857e-01 2.112928769918005420e-02 3.217926745121300197e-02 1.831241783368822984e-01 8.886686841557481231e-02 1.028932162896917107e-01 1.833735545818041268e-01 2.038408288715552741e-02
2.900000000000000000e+04 3.471884541022938336e-02 1.444845582390822392e-01 6.929035614336680193e-02 9.779805405016057940e-02 1.513060458772909345e-01 2.009978571983948858e-02 3.258577947878690123e-02 1.776624388787677589e-01 8.453556806995822515e-02 1.025828963514830300e-01 1.800465923912442090e-01 1.917316445173227260e-02
3.000000000000000000e+04 3.468229932362047740e-02 1.394862107436899146e-01 6.577692235197091231e-02 9.652733027219058404e-02 1.472296990895050062e-01 1.938758786638673098e-02 3.238771696697340802e-02 1.716997051136226471e-01 8.020658327958143929e-02 1.009922408259109616e-01 1.753021998491985922e-01 1.807210796567756961e-02
3.100000000000000000e+04 3.509142469273757864e-02 1.350050579430435160e-01 6.234120713777347583e-02 9.602027276632170427e-02 1.441707839001539482e-01 1.855356976572091615e-02 3.262666139653769282e-02 1.664609589506450826e-01 7.608746622607347188e-02 1.002450509935385314e-01 1.717365005035663139e-01 1.696305894193491856e-02
3.200000000000000000e+04 3.825609246802372937e-02 1.344792758142850930e-01 6.497074607832792337e-02 9.762626042338201637e-02 1.427674795379551276e-01 2.197771301277321593e-02 3.701760930580996756e-02 1.649581554176227649e-01 7.894290021652373979e-02 1.024335660926894709e-01 1.695276876036694025e-01 2.160720483021311839e-02
3.300000000000000000e+04 3.537247487900943566e-02 1.277262224529092383e-01 5.707423664185573564e-02 9.479086661395805247e-02 1.386936291133223920e-01 1.709956282169028743e-02 3.277144269180370245e-02 1.577424192110399859e-01 6.976468547954729760e-02 9.865614199174817245e-02 1.651417522628434165e-01 1.521874559778920062e-02
3.400000000000000000e+04 3.567634330337120935e-02 1.241662447600790226e-01 5.439637808989447598e-02 9.427289909119605793e-02 1.361583756074736529e-01 1.648084223194559716e-02 3.295965202893896134e-02 1.535581586039844459e-01 6.655351318859885346e-02 9.795662984752688540e-02 1.621346388561410445e-01 1.443957786651038286e-02
3.500000000000000000e+04 3.895638354832100386e-02 1.232730790732257664e-01 5.425150631463433737e-02 9.673466098419053472e-02 1.367490999582487987e-01 1.859689620020183246e-02 3.643751296615172636e-02 1.530071122571985409e-01 6.679866650090975078e-02 1.005352715008989845e-01 1.628596397061191914e-01 1.702321223164133743e-02
3.600000000000000000e+04 3.560645833622556183e-02 1.183575505835613439e-01 5.040752454282595996e-02 9.293069332564925233e-02 1.315878622532459796e-01 1.538619658515458753e-02 3.292103076646187010e-02 1.464069243299479517e-01 6.173781609579781504e-02 9.629140524222588871e-02 1.564228079943934258e-01 1.328396795247801555e-02
3.700000000000000000e+04 3.577319809677024370e-02 1.154171159930485885e-01 4.832080653967999601e-02 9.235036253863490585e-02 1.294194897625323970e-01 1.494858257952914708e-02 3.305422060719837019e-02 1.428726354075267602e-01 5.922059131951228766e-02 9.552141029505208103e-02 1.537472237377102979e-01 1.278732890193346773e-02
3.800000000000000000e+04 5.360015348945734032e-02 1.236823166750153358e-01 5.954775883792857993e-02 1.057900099975688651e-01 1.389243769128047090e-01 3.226939196105960139e-02 5.296906930048047440e-02 1.545317498540271783e-01 7.384897966591748297e-02 1.104145526683670414e-01 1.653481278861955173e-01 3.334002609206917350e-02
3.900000000000000000e+04 3.562364119985236832e-02 1.105129931738710464e-01 4.512333442461984034e-02 9.086938269362736242e-02 1.253134194287438274e-01 1.416275650578971597e-02 3.303195083982859298e-02 1.366728434842602591e-01 5.532732983751253997e-02 9.368602676304206567e-02 1.484324264403936722e-01 1.206466767502488435e-02
4.000000000000000000e+04 3.569640309341522849e-02 1.080564813519690887e-01 4.345022003326080157e-02 9.015138967630194344e-02 1.233454096014464096e-01 1.387891394623862358e-02 3.311025426123562210e-02 1.336316197334777578e-01 5.328952117583400649e-02 9.277212739236499750e-02 1.458988005978763547e-01 1.177359324602233852e-02
4.100000000000000000e+04 3.529422474936664417e-02 1.062624418376567209e-01 4.236710158474286253e-02 8.927756781691925658e-02 1.216130751019158379e-01 1.351645480906841709e-02 3.284960794428767178e-02 1.311724436630542501e-01 5.199005590682143074e-02 9.167789029152256797e-02 1.434305432989365359e-01 1.156079767431282893e-02
4.200000000000000000e+04 3.517660225917177558e-02 1.041684161774732997e-01 4.097694443252924285e-02 8.829405549458740898e-02 1.196921317863179901e-01 1.329967880035404573e-02 3.284653647716557351e-02 1.283687979363894172e-01 5.020168216386239335e-02 9.054797264462477457e-02 1.408352034371228578e-01 1.139234009484365803e-02
4.300000000000000000e+04 7.606943900692514360e-02 1.302836570499913693e-01 8.148181345046472124e-02 1.188721734221036969e-01 1.409924789663024869e-01 6.028787159189121642e-02 8.463234827790304393e-02 1.560825992222282521e-01 9.647540741282209509e-02 1.296486057522031055e-01 1.655350257761057375e-01 6.861137511664802680e-02
4.400000000000000000e+04 3.401187030065569439e-02 1.011631073854427076e-01 3.920924367817426454e-02 8.588204673522495392e-02 1.162694119241303586e-01 1.276890725778320225e-02 3.215052923713079130e-02 1.236584300992445984e-01 4.787406407875813980e-02 8.768606400470126128e-02 1.356042078187682243e-01 1.124991192547057650e-02
4.500000000000000000e+04 3.317321998436615488e-02 1.000140787552102895e-01 3.844731569389658182e-02 8.441215569637731952e-02 1.147446821384955906e-01 1.251212251100198604e-02 3.158042701796271584e-02 1.215588589995332397e-01 4.690794726939258308e-02 8.581126682046529008e-02 1.329183089011420627e-01 1.127263568538649022e-02
4.600000000000000000e+04 3.121208130516056264e-02 1.002506329805867846e-01 3.904897012235482995e-02 8.190360354420944677e-02 1.131247787745977285e-01 1.213001828272221999e-02 3.029102383020948822e-02 1.203313067064527425e-01 4.731978643086036385e-02 8.307135803353923875e-02 1.297438695254138352e-01 1.146868015090590255e-02
4.700000000000000000e+04 2.812112684134104174e-02 1.018210762514784595e-01 4.043239447565397798e-02 7.779784070304500421e-02 1.114569110727738344e-01 1.164563063001002909e-02 2.821293170707183870e-02 1.197845346638071878e-01 4.852853004170707557e-02 7.857217182264238098e-02 1.257827587947942527e-01 1.187228637062939622e-02
4.800000000000000000e+04 2.168244416542791306e-02 1.068120074018278909e-01 4.541762749025371471e-02 6.832716844731953620e-02 1.076924965809124418e-01 1.116228796850256624e-02 2.400369995736628334e-02 1.213708599767539253e-01 5.358928896465073310e-02 6.978948455691494357e-02 1.192750651164135034e-01 1.330699091454912164e-02
4.900000000000000000e+04 1.304879455601569774e-02 1.111199999538867722e-01 5.744655080970057642e-02 4.814699793152286272e-02 9.331597910162892084e-02 1.321911398953310064e-02 1.720526923235067909e-02 1.270141560170584827e-01 6.725561443179070564e-02 5.531020978466122395e-02 1.087420121689563340e-01 1.741914808284154847e-02
5.000000000000000000e+04 1.061383658622286515e-02 1.060568887876822269e-01 6.169227019848944060e-02 3.583549677533964112e-02 7.959803370189322269e-02 1.574393687475101819e-02 1.412819134162606252e-02 1.291367504702172764e-01 7.304774635543659356e-02 4.801663933831123998e-02 1.026871433180308879e-01 2.015078953090765693e-02
5.100000000000000000e+04 2.868442368508165030e-01 2.894627191849097891e-01 3.341841383816531730e-01 2.391299097809366780e-01 2.316079648537861801e-01 3.328676708002833995e-01 3.425832557947400270e-01 3.546174038004610285e-01 4.084583856185101114e-01 2.811081420464714986e-01 2.792871922510083427e-01 4.038786441286385531e-01
5.200000000000000000e+04 1.029369348052677595e-02 9.503407479792708168e-02 5.618276115130817205e-02 3.220026678946508875e-02 7.159584586952147389e-02 1.478259524342104801e-02 1.435033166151283152e-02 1.224024487812794826e-01 6.778559142180179409e-02 4.775485904729213221e-02 1.004412365195326007e-01 1.915885262634858810e-02
5.300000000000000000e+04 1.194572146749928732e-01 1.645830760359604239e-01 1.521970003527741699e-01 1.123306975328493412e-01 1.319534123671801673e-01 1.330488399310590653e-01 1.471435258610670760e-01 2.080069731588633786e-01 1.747051216124705375e-01 1.577457033887094129e-01 1.867474812808836149e-01 1.544828596986795310e-01
5.400000000000000000e+04 1.051346383606300075e-02 8.580119338149395924e-02 5.033240971228825772e-02 3.137125192314475092e-02 6.595327368127415490e-02 1.345214472502937776e-02 1.572245766624030469e-02 1.148892054861529732e-01 6.180028096640869523e-02 4.984928085076131138e-02 9.831882225084896676e-02 1.812382217595533487e-02
5.500000000000000000e+04 1.074663619987726269e-02 8.172461276385661888e-02 4.750859382632995759e-02 3.111659814482860623e-02 6.345236542979706962e-02 1.290388043038481238e-02 1.657769954470527871e-02 1.115092491090224347e-01 5.890571187411659110e-02 5.107719508414176879e-02 9.745176001349366290e-02 1.782011984207175492e-02
5.600000000000000000e+04 1.071012547448193901e-02 7.855243390461474906e-02 4.542475329790023747e-02 3.089698968744798366e-02 6.136484895189076028e-02 1.243765619548686460e-02 1.712876897308996532e-02 1.087519574068602085e-01 5.680040638695064981e-02 5.195307950429537552e-02 9.636801871707881273e-02 1.751386762444432157e-02
5.700000000000000000e+04 1.098408476861310532e-02 7.537639861045641876e-02 4.302021971181971272e-02 3.073947664499959362e-02 5.941590663921061249e-02 1.201801871845340451e-02 1.798386889041199421e-02 1.061179505234297327e-01 5.420188838721549246e-02 5.329734065537396204e-02 9.588388823108072445e-02 1.730623485517681498e-02
5.800000000000000000e+04 1.122795912186184443e-02 7.245819984789779455e-02 4.082812599441080353e-02 3.059127496005153990e-02 5.757959831660225403e-02 1.165074466091585090e-02 1.882320458120669351e-02 1.037032184469744156e-01 5.187481085371081074e-02 5.455770274766031519e-02 9.536789096282076439e-02 1.718020707490831508e-02
5.900000000000000000e+04 1.120520018920772957e-02 7.013544232810571544e-02 3.924608031638341515e-02 3.040581644959244531e-02 5.598082164363357704e-02 1.134155145998869650e-02 1.934404498567337399e-02 1.016075474669276696e-01 5.029865174210795820e-02 5.524519892146334543e-02 9.437779700548371009e-02 1.706331981975993742e-02
6.000000000000000000e+04 1.146662791529725646e-02 6.768079707908042364e-02 3.730965263780278152e-02 3.026270374827905521e-02 5.441677219705001733e-02 1.106551377145130986e-02 2.014869303007484069e-02 9.964687040997746714e-02 4.820209282366100245e-02 5.650647413073109360e-02 9.409592803766733682e-02 1.701508193512372979e-02
6.100000000000000000e+04 1.563717235149551105e-02 6.817551198740223750e-02 3.877463124031665237e-02 3.332846665243480860e-02 5.547329992073862098e-02 1.476926985072853429e-02 2.574202166468001624e-02 1.018132872870611133e-01 4.884015596206329329e-02 6.382656168231613802e-02 9.930912219910112415e-02 1.966101859446396649e-02
6.200000000000000000e+04 1.166431306385568890e-02 6.360064588519988293e-02 3.424702466418423630e-02 2.992504502698620228e-02 5.163023185594203118e-02 1.059232967500258436e-02 2.138327844233289809e-02 9.622257328642078167e-02 4.502898493347937819e-02 5.828580236233214806e-02 9.298890451849080308e-02 1.694481869367403179e-02
6.300000000000000000e+04 1.187816354227771813e-02 6.158759877031842744e-02 3.268152635435696979e-02 2.977416070747808743e-02 5.030155704513437215e-02 1.040655010028674644e-02 2.211003198092779259e-02 9.470814546840058967e-02 4.337412237306656482e-02 5.941875035437809566e-02 9.282996270967359964e-02 1.698929909468136282e-02
6.400000000000000000e+04 1.180807880777963448e-02 6.001926804916943303e-02 3.159233932208529994e-02 2.959471506301573213e-02 4.916795232682011352e-02 1.019566522737582956e-02 2.250050100045470833e-02 9.324748072072638894e-02 4.231681783209748776e-02 5.989964908224331558e-02 9.205995811303104015e-02 1.693021398808737532e-02
6.500000000000000000e+04 1.205356052964221339e-02 5.818468483566680005e-02 3.013608405815136962e-02 2.944037003964522156e-02 4.796558171793598863e-02 1.007372048317220492e-02 2.320719971104779830e-02 9.200791734477707651e-02 4.075862726718533502e-02 6.111906754157864219e-02 9.216213741709484986e-02 1.704122067410162103e-02
6.600000000000000000e+04 1.196917708384022741e-02 5.682176097684926708e-02 2.923351074099878738e-02 2.925965213538442300e-02 4.695581116021931012e-02 9.884804811594790144e-03 2.353162190629894124e-02 9.073478725813342860e-02 3.993942511904056275e-02 6.144614394131812235e-02 9.138459310089830367e-02 1.699554285821042870e-02
6.700000000000000000e+04 1.216951011516384344e-02 5.521512563330070039e-02 2.797312333357106565e-02 2.910467304323674162e-02 4.589945792440570937e-02 9.806833857983041428e-03 2.412993385640903668e-02 8.969177553477127030e-02 3.857376902621507953e-02 6.263789201184492839e-02 9.159048252048755667e-02 1.711178393792789354e-02
6.800000000000000000e+04 1.233792293855840404e-02 5.368271122555070413e-02 2.682972034441121270e-02 2.895866344280787624e-02 4.488402215110171012e-02 9.714065873520966524e-03 2.472110447559129967e-02 8.871095802945108688e-02 3.739954678663354876e-02 6.371582878459136623e-02 9.173369925960532523e-02 1.723165827021931606e-02
6.900000000000000000e+04 1.221699351926141576e-02 5.261148171755292841e-02 2.618519343188704593e-02 2.876729064908479724e-02 4.405029396911177425e-02 9.603547872637271943e-03 2.491756423008729959e-02 8.756821344712370503e-02 3.688496352370936732e-02 6.377113722698551923e-02 9.082061113042477762e-02 1.728297932684229321e-02
7.000000000000000000e+04 1.238969967248261701e-02 5.125297051161287198e-02 2.513851047914543793e-02 2.862293628072911864e-02 4.315802914361711179e-02 9.539879269358605973e-03 2.542629177034202298e-02 8.684474794013917476e-02 3.572294453066662129e-02 6.496868119733616165e-02 9.125693558532482763e-02 1.734282736724971491e-02
7.100000000000000000e+04 1.251684220426262616e-02 4.996640272239285391e-02 2.422004531326467022e-02 2.848320414165608425e-02 4.230242388685578198e-02 9.487138239422803626e-03 2.592815318241965469e-02 8.607593952853427599e-02 3.479991385338885440e-02 6.592877568904023655e-02 9.143467688497082524e-02 1.748543092421393774e-02
7.200000000000000000e+04 1.255033924997869810e-02 4.915784344792653582e-02 2.379344349629526276e-02 2.845740782900411242e-02 4.174488478187930035e-02 9.504421119592026262e-03 2.606379354277738383e-02 8.573223782957577199e-02 3.413618701613721496e-02 6.684285155604383077e-02 9.183955412846429855e-02 1.704318017149887912e-02
7.300000000000000000e+04 1.256283204904467751e-02 4.784616484351476157e-02 2.282405196090478428e-02 2.817798229343734806e-02 4.081598223430183553e-02 9.384051777724845486e-03 2.655081486442274763e-02 8.454860873833404400e-02 3.343201914938371405e-02 6.712980475045103590e-02 9.115753868038202479e-02 1.762287874978740385e-02
7.400000000000000000e+04 2.333633447528538074e-02 5.539646526917621494e-02 3.425590383065019867e-02 3.646360086772417602e-02 4.676176795900041649e-02 2.278924519100308799e-02 4.152257214175177763e-02 8.858203239987201549e-02 5.072375118057017435e-02 6.970279550111679878e-02 8.775370435431785465e-02 3.865794375697704371e-02
7.500000000000000000e+04 1.262675715852499755e-02 4.585064764470080101e-02 2.155737518603970115e-02 2.789661233186720851e-02 3.944465364003103824e-02 9.319662708947563240e-03 2.715282132153009481e-02 8.320404541297367340e-02 3.219452521169089559e-02 6.836709267014264013e-02 9.106634098384169818e-02 1.777746926013261397e-02
7.600000000000000000e+04 1.274586887137082493e-02 4.478227370669323609e-02 2.085131423201933704e-02 2.778502235326392109e-02 3.876639239301048895e-02 9.316528264930630521e-03 2.759578248335255862e-02 8.270637816642011086e-02 3.149590852240440053e-02 6.932834900566821335e-02 9.144797927866087084e-02 1.794139451201848603e-02
7.700000000000000000e+04 2.078971604869009615e-01 1.795888702850298724e-01 2.119531858517711143e-01 1.777026171900202289e-01 1.516506081105248038e-01 2.377417149422233478e-01 2.666268639820189024e-01 2.216106137234920281e-01 2.693473875188023281e-01 2.192024057313143037e-01 1.852497149103327634e-01 3.068820605290234482e-01
7.800000000000000000e+04 1.269775983041984864e-02 4.311250809481931290e-02 1.992665384365682052e-02 2.752834231527137576e-02 3.764245002187786154e-02 9.271337500231461443e-03 2.795134850201338311e-02 8.139382039745093889e-02 3.064381061205526113e-02 7.008427552834887997e-02 9.105620082415655236e-02 1.803558226256274030e-02
7.900000000000000000e+04 1.282696995685803087e-02 4.213459706793237086e-02 1.928211692202655425e-02 2.743610581803188064e-02 3.704175537700755971e-02 9.288063189831975708e-03 2.836522225779638043e-02 8.110014732119638636e-02 2.998514759029764429e-02 7.115973416707245536e-02 9.169102993976274707e-02 1.817870461902126866e-02
8.000000000000000000e+04 3.860424507624876655e-02 5.888700375615949639e-02 4.464460511705375945e-02 4.609447909821177969e-02 5.017452557197980834e-02 3.930830441690472826e-02 6.233837004982677871e-02 9.281628598040264633e-02 6.486409464310349815e-02 8.270186723301303777e-02 9.162579268837195423e-02 6.199503069004375783e-02
8.100000000000000000e+04 1.283593671067498158e-02 4.053440756495398783e-02 1.842286074263028983e-02 2.721790153160253897e-02 3.601176895853748505e-02 9.287008679841078640e-03 2.875360679146356582e-02 8.007899191985576315e-02 2.918997373938309742e-02 7.218543573955167603e-02 9.178779294798733446e-02 1.830008474830432941e-02
8.200000000000000000e+04 1.296708126320351984e-02 3.958684321343666768e-02 1.784723313454751950e-02 2.713400098440642977e-02 3.544265685063899968e-02 9.323423074806064942e-03 2.922830576920279824e-02 7.986307381687701712e-02 2.865967063964752412e-02 7.333181230752519597e-02 9.256534270923393037e-02 1.850622452146582012e-02
8.300000000000000000e+04 1.286618684040583861e-02 3.899573103228331367e-02 1.763549017729666712e-02 2.702511745265738854e-02 3.504811036778675282e-02 9.310941990169257013e-03 2.910560967045997330e-02 7.930912382650720516e-02 2.838266295824284219e-02 7.343615692855544330e-02 9.229871309246685807e-02 1.826561533897063522e-02
8.400000000000000000e+04 1.298051730669123362e-02 3.814974533975107329e-02 1.710985162547916036e-02 2.691289579094438209e-02 3.451737439410205999e-02 9.352962608639627667e-03 2.955853039920070327e-02 7.904075995238489527e-02 2.793330662246633345e-02 7.426511802730863254e-02 9.271507752978960792e-02 1.859890031821934478e-02
8.500000000000000000e+04 1.306651964798785301e-02 3.734425967660130741e-02 1.665947052345620460e-02 2.682287289346830736e-02 3.404592592225542252e-02 9.392707832691252895e-03 2.985570794941679734e-02 7.884183561462755618e-02 2.749629026539235355e-02 7.504724306132319611e-02 9.318785666150571079e-02 1.872879824320857964e-02
8.600000000000000000e+04 1.292000446862060989e-02 3.690311271282901290e-02 1.658738664366692442e-02 2.672191400227660885e-02 3.377938501102461383e-02 9.332048392255966329e-03 2.956274750577275040e-02 7.811409351571889370e-02 2.742046006060751273e-02 7.458970280383693530e-02 9.238413842606030268e-02 1.840627186731907949e-02
8.700000000000000000e+04 1.297397199641298765e-02 3.620525517786887804e-02 1.615739339981372980e-02 2.659009654368135744e-02 3.333339359845614164e-02 9.401716383202926922e-03 2.974839868553140823e-02 7.792049203362222398e-02 2.696807049087745004e-02 7.520554376230362270e-02 9.272054572730242805e-02 1.864446259801617878e-02
8.800000000000000000e+04 1.304849124442754478e-02 3.550511167101549903e-02 1.577422798256804606e-02 2.649968869482391409e-02 3.293311595936543323e-02 9.434628730062413760e-03 2.993330516824335708e-02 7.780412563518977753e-02 2.658894379163929608e-02 7.585614787658664926e-02 9.318173608483870662e-02 1.873631934516789901e-02
8.900000000000000000e+04 1.304482480097658888e-02 3.494911907818797764e-02 1.551872966829513298e-02 2.639966298311087131e-02 3.260403500753267236e-02 9.444752482999519555e-03 2.993508196590485490e-02 7.749871264655262826e-02 2.632387872814758584e-02 7.607825906947141004e-02 9.318144918460082027e-02 1.874136758782254247e-02
9.000000000000000000e+04 1.308431407618550202e-02 3.434312477759138282e-02 1.522369853063069642e-02 2.631336735199193283e-02 3.225947158350850330e-02 9.466374026072194373e-03 3.004826078976639836e-02 7.729196615558091288e-02 2.603301117758459113e-02 7.650495777930930996e-02 9.340299215963891732e-02 1.880131931657063118e-02
9.100000000000000000e+04 1.315372272908160375e-02 3.370694953092127910e-02 1.490809103988732440e-02 2.623566499686508582e-02 3.190365984911863739e-02 9.499089896346991913e-03 3.022991909096910124e-02 7.716673784969702021e-02 2.573126435206318785e-02 7.706749840479709679e-02 9.377872524886146643e-02 1.889795752471327278e-02
9.200000000000000000e+04 1.310541019873011533e-02 3.339638292587260304e-02 1.493342145349442485e-02 2.621981126280004126e-02 3.175562447895037554e-02 9.544284094254836676e-03 2.980104232087189484e-02 7.707874835301251060e-02 2.558693405572222759e-02 7.711158171716876730e-02 9.393694838836122440e-02 1.825551644245485688e-02
9.300000000000000000e+04 1.309293879512534071e-02 3.279586166343492759e-02 1.457133771521266184e-02 2.603852125813652454e-02 3.135111870046960320e-02 9.505670484149525076e-03 3.008743722732901138e-02 7.642705602136005971e-02 2.534904815230938635e-02 7.707941306092204459e-02 9.338047728695450522e-02 1.881369742066851466e-02
9.400000000000000000e+04 1.314240802181783005e-02 3.225408757300547713e-02 1.431945950445291660e-02 2.596154938424306488e-02 3.104514934056118100e-02 9.531896656451106786e-03 3.020166884853754327e-02 7.628924602818383527e-02 2.509832855856674802e-02 7.749025926841068834e-02 9.364718855453575685e-02 1.887842957435619667e-02
9.500000000000000000e+04 1.321669914391835482e-02 3.168385849700063039e-02 1.404679706509751741e-02 2.589343126661407604e-02 3.073055878495164345e-02 9.566186637377294133e-03 3.037591731517808383e-02 7.623456928866921556e-02 2.484006932825879449e-02 7.803286927287142460e-02 9.407229245543645424e-02 1.897476914152921093e-02
9.600000000000000000e+04 1.349316106174710400e-02 3.195815275000455508e-02 1.479527140086162040e-02 2.614776294710325147e-02 3.092026997357991830e-02 1.009636852169827105e-02 3.135816625851958056e-02 7.385529386231982907e-02 2.657058387978750505e-02 7.530104406765011915e-02 8.979132809216223976e-02 2.102928117989619899e-02
9.700000000000000000e+04 1.315723272675745938e-02 3.088306384481610475e-02 1.378486695580231208e-02 2.571831528604378095e-02 3.025480940267043575e-02 9.568347819776260380e-03 3.021556135961273384e-02 7.556019370872389673e-02 2.453578377532526431e-02 7.798000859752195202e-02 9.371490270486811103e-02 1.887613929071458099e-02
9.800000000000000000e+04 1.326697442689265746e-02 3.030491281639876439e-02 1.349086919869206536e-02 2.566479235279687035e-02 2.994921677642466140e-02 9.611795327552718690e-03 3.046816137165449245e-02 7.565576420351691200e-02 2.426110037795882815e-02 7.870998189943449741e-02 9.438021435073863652e-02 1.901812297385900921e-02
9.900000000000000000e+04 1.323950069654331735e-02 3.007086517127105160e-02 1.354746969513657279e-02 2.566810520377288060e-02 2.986399536828020576e-02 9.673604367032942811e-03 3.000436281839316890e-02 7.577353919138556104e-02 2.411563747455531398e-02 7.887079956231489442e-02 9.480787928066998493e-02 1.834232521385855547e-02
1.000000000000000000e+05 1.328485065545569575e-02 2.947012183621050205e-02 1.317391160898539505e-02 2.552027409673546590e-02 2.947627191297510704e-02 9.633557609692592477e-03 3.048557885174237730e-02 7.526952736331737892e-02 2.391615583953995983e-02 7.905885567036990969e-02 9.449962360577009168e-02 1.902107142090199432e-02
1.000000000000000000e+05 1.328485065545569575e-02 2.947012183621050205e-02 1.317391160898539505e-02 2.552027409673546590e-02 2.947627191297510704e-02 9.633557609692592477e-03 3.048557885174237730e-02 7.526952736331737892e-02 2.391615583953995983e-02 7.905885567036990969e-02 9.449962360577009168e-02 1.902107142090199432e-02
1.150000000000000000e+05 8.284054369700915340e-05 8.295573284401131322e-05 7.643617756960776515e-05 6.934174951525461539e-05 3.342408595212857002e-05 8.775703858770924747e-05 1.600243477793997782e-01 2.718704219055710358e-01 3.983875063789180659e-01 3.227632710764525431e-02 2.124713287033920539e-02 4.310134860543080038e-01
